hour: 1
significance (U-test):PaiR / DeepNSGA-II 1.0
significance (U-test):PaiR / NSGA-II 1.0
VDA: PaiR / DeepNSGA-II 0.5
VDA: PaiR / NSGA-II 0.5
PaiR Datapoints [0.0, 0.0, 0.0, 0.0, 0.0, 0.0, 0.0, 0.0, 0.0, 0.0, 0.0, 0.0, 0.0, 0.0, 0.0, 0.0, 0.0, 0.0, 0.0, 0.0, 0.0, 0.0, 0.0, 0.0, 0.0, 0.0, 0.0, 0.0, 0.0, 0.0, 0.0, 0.0, 0.0, 0.0, 0.0, 0.0, 0.0, 0.0, 0.0, 0.0]
DeepNSGA-II Datapoints [0.0, 0.0, 0.0, 0.0, 0.0, 0.0, 0.0, 0.0, 0.0, 0.0, 0.0, 0.0, 0.0, 0.0, 0.0, 0.0, 0.0, 0.0, 0.0, 0.0, 0.0, 0.0, 0.0, 0.0, 0.0, 0.0, 0.0, 0.0, 0.0, 0.0, 0.0, 0.0, 0.0, 0.0, 0.0, 0.0, 0.0, 0.0, 0.0, 0.0]
NSGA-II Datapoints [0.0, 0.0, 0.0, 0.0, 0.0, 0.0, 0.0, 0.0, 0.0, 0.0, 0.0, 0.0, 0.0, 0.0, 0.0, 0.0, 0.0, 0.0, 0.0, 0.0, 0.0, 0.0, 0.0, 0.0, 0.0, 0.0, 0.0, 0.0, 0.0, 0.0, 0.0, 0.0, 0.0, 0.0, 0.0, 0.0, 0.0, 0.0, 0.0, 0.0]
PaiR Avg. 0.0 ## DeepNSGA-II Avg. 0.0 ## NSGA-II Avg. 0.0
PaiR STD. 0.0 ## DeepNSGA-II STD. 0.0 ## NSGA-II STD. 0.0
********************************************************* 
hour: 2
significance (U-test):PaiR / DeepNSGA-II 9.427502180259964e-16
significance (U-test):PaiR / NSGA-II 1.0
VDA: PaiR / DeepNSGA-II 0.95
VDA: PaiR / NSGA-II 0.5
PaiR Datapoints [100.0, 100.0, 100.0, 100.0, 100.0, 100.0, 100.0, 100.0, 100.0, 0.0, 100.0, 100.0, 100.0, 100.0, 100.0, 100.0, 100.0, 100.0, 100.0, 0.0, 100.0, 100.0, 100.0, 100.0, 100.0, 100.0, 100.0, 100.0, 100.0, 0.0, 100.0, 100.0, 100.0, 100.0, 100.0, 100.0, 100.0, 100.0, 100.0, 0.0]
DeepNSGA-II Datapoints [0.0, 0.0, 0.0, 0.0, 0.0, 0.0, 0.0, 0.0, 0.0, 0.0, 0.0, 0.0, 0.0, 0.0, 0.0, 0.0, 0.0, 0.0, 0.0, 0.0, 0.0, 0.0, 0.0, 0.0, 0.0, 0.0, 0.0, 0.0, 0.0, 0.0, 0.0, 0.0, 0.0, 0.0, 0.0, 0.0, 0.0, 0.0, 0.0, 0.0]
NSGA-II Datapoints [100.0, 100.0, 100.0, 100.0, 100.0, 100.0, 100.0, 100.0, 100.0, 0.0, 100.0, 100.0, 100.0, 100.0, 100.0, 100.0, 100.0, 100.0, 100.0, 0.0, 100.0, 100.0, 100.0, 100.0, 100.0, 100.0, 100.0, 100.0, 100.0, 0.0, 100.0, 100.0, 100.0, 100.0, 100.0, 100.0, 100.0, 100.0, 100.0, 0.0]
PaiR Avg. 90.0 ## DeepNSGA-II Avg. 0.0 ## NSGA-II Avg. 90.0
PaiR STD. 30.38218101251 ## DeepNSGA-II STD. 0.0 ## NSGA-II STD. 30.38218101251
********************************************************* 
hour: 3
significance (U-test):PaiR / DeepNSGA-II 9.427502180259964e-16
significance (U-test):PaiR / NSGA-II 1.0
VDA: PaiR / DeepNSGA-II 0.95
VDA: PaiR / NSGA-II 0.5
PaiR Datapoints [100.0, 100.0, 100.0, 100.0, 100.0, 100.0, 100.0, 100.0, 100.0, 0.0, 100.0, 100.0, 100.0, 100.0, 100.0, 100.0, 100.0, 100.0, 100.0, 0.0, 100.0, 100.0, 100.0, 100.0, 100.0, 100.0, 100.0, 100.0, 100.0, 0.0, 100.0, 100.0, 100.0, 100.0, 100.0, 100.0, 100.0, 100.0, 100.0, 0.0]
DeepNSGA-II Datapoints [0.0, 0.0, 0.0, 0.0, 0.0, 0.0, 0.0, 0.0, 0.0, 0.0, 0.0, 0.0, 0.0, 0.0, 0.0, 0.0, 0.0, 0.0, 0.0, 0.0, 0.0, 0.0, 0.0, 0.0, 0.0, 0.0, 0.0, 0.0, 0.0, 0.0, 0.0, 0.0, 0.0, 0.0, 0.0, 0.0, 0.0, 0.0, 0.0, 0.0]
NSGA-II Datapoints [100.0, 100.0, 100.0, 100.0, 100.0, 100.0, 100.0, 100.0, 100.0, 0.0, 100.0, 100.0, 100.0, 100.0, 100.0, 100.0, 100.0, 100.0, 100.0, 0.0, 100.0, 100.0, 100.0, 100.0, 100.0, 100.0, 100.0, 100.0, 100.0, 0.0, 100.0, 100.0, 100.0, 100.0, 100.0, 100.0, 100.0, 100.0, 100.0, 0.0]
PaiR Avg. 90.0 ## DeepNSGA-II Avg. 0.0 ## NSGA-II Avg. 90.0
PaiR STD. 30.38218101251 ## DeepNSGA-II STD. 0.0 ## NSGA-II STD. 30.38218101251
********************************************************* 
hour: 4
significance (U-test):PaiR / DeepNSGA-II 9.427502180259964e-16
significance (U-test):PaiR / NSGA-II 1.0
VDA: PaiR / DeepNSGA-II 0.95
VDA: PaiR / NSGA-II 0.5
PaiR Datapoints [100.0, 100.0, 100.0, 100.0, 100.0, 100.0, 100.0, 100.0, 100.0, 0.0, 100.0, 100.0, 100.0, 100.0, 100.0, 100.0, 100.0, 100.0, 100.0, 0.0, 100.0, 100.0, 100.0, 100.0, 100.0, 100.0, 100.0, 100.0, 100.0, 0.0, 100.0, 100.0, 100.0, 100.0, 100.0, 100.0, 100.0, 100.0, 100.0, 0.0]
DeepNSGA-II Datapoints [0.0, 0.0, 0.0, 0.0, 0.0, 0.0, 0.0, 0.0, 0.0, 0.0, 0.0, 0.0, 0.0, 0.0, 0.0, 0.0, 0.0, 0.0, 0.0, 0.0, 0.0, 0.0, 0.0, 0.0, 0.0, 0.0, 0.0, 0.0, 0.0, 0.0, 0.0, 0.0, 0.0, 0.0, 0.0, 0.0, 0.0, 0.0, 0.0, 0.0]
NSGA-II Datapoints [100.0, 100.0, 100.0, 100.0, 100.0, 100.0, 100.0, 100.0, 100.0, 0.0, 100.0, 100.0, 100.0, 100.0, 100.0, 100.0, 100.0, 100.0, 100.0, 0.0, 100.0, 100.0, 100.0, 100.0, 100.0, 100.0, 100.0, 100.0, 100.0, 0.0, 100.0, 100.0, 100.0, 100.0, 100.0, 100.0, 100.0, 100.0, 100.0, 0.0]
PaiR Avg. 90.0 ## DeepNSGA-II Avg. 0.0 ## NSGA-II Avg. 90.0
PaiR STD. 30.38218101251 ## DeepNSGA-II STD. 0.0 ## NSGA-II STD. 30.38218101251
********************************************************* 
hour: 5
significance (U-test):PaiR / DeepNSGA-II 4.066027968934059e-14
significance (U-test):PaiR / NSGA-II 1.0
VDA: PaiR / DeepNSGA-II 0.925
VDA: PaiR / NSGA-II 0.5
PaiR Datapoints [100.0, 100.0, 100.0, 100.0, 100.0, 100.0, 100.0, 100.0, 100.0, 0.0, 100.0, 100.0, 100.0, 100.0, 100.0, 100.0, 100.0, 100.0, 100.0, 0.0, 100.0, 100.0, 100.0, 100.0, 100.0, 100.0, 100.0, 100.0, 100.0, 0.0, 100.0, 100.0, 100.0, 100.0, 100.0, 100.0, 100.0, 100.0, 100.0, 0.0]
DeepNSGA-II Datapoints [100.0, 100.0, 0.0, 0.0, 0.0, 0.0, 0.0, 0.0, 0.0, 0.0, 0.0, 0.0, 0.0, 0.0, 0.0, 0.0, 0.0, 0.0, 0.0, 0.0, 0.0, 0.0, 0.0, 0.0, 0.0, 0.0, 0.0, 0.0, 0.0, 0.0, 0.0, 0.0, 0.0, 0.0, 0.0, 0.0, 0.0, 0.0, 0.0, 0.0]
NSGA-II Datapoints [100.0, 100.0, 100.0, 100.0, 100.0, 100.0, 100.0, 100.0, 100.0, 0.0, 100.0, 100.0, 100.0, 100.0, 100.0, 100.0, 100.0, 100.0, 100.0, 0.0, 100.0, 100.0, 100.0, 100.0, 100.0, 100.0, 100.0, 100.0, 100.0, 0.0, 100.0, 100.0, 100.0, 100.0, 100.0, 100.0, 100.0, 100.0, 100.0, 0.0]
PaiR Avg. 90.0 ## DeepNSGA-II Avg. 5.0 ## NSGA-II Avg. 90.0
PaiR STD. 30.38218101251 ## DeepNSGA-II STD. 22.072142786315226 ## NSGA-II STD. 30.38218101251
********************************************************* 
hour: 6
significance (U-test):PaiR / DeepNSGA-II 1.7349355770645044e-08
significance (U-test):PaiR / NSGA-II 1.0
VDA: PaiR / DeepNSGA-II 0.8125
VDA: PaiR / NSGA-II 0.5
PaiR Datapoints [100.0, 100.0, 100.0, 100.0, 100.0, 100.0, 100.0, 100.0, 100.0, 0.0, 100.0, 100.0, 100.0, 100.0, 100.0, 100.0, 100.0, 100.0, 100.0, 0.0, 100.0, 100.0, 100.0, 100.0, 100.0, 100.0, 100.0, 100.0, 100.0, 0.0, 100.0, 100.0, 100.0, 100.0, 100.0, 100.0, 100.0, 100.0, 100.0, 0.0]
DeepNSGA-II Datapoints [100.0, 100.0, 0.0, 100.0, 0.0, 100.0, 0.0, 0.0, 100.0, 0.0, 0.0, 100.0, 0.0, 100.0, 100.0, 0.0, 0.0, 0.0, 0.0, 0.0, 100.0, 100.0, 0.0, 0.0, 0.0, 0.0, 0.0, 0.0, 0.0, 0.0, 0.0, 100.0, 0.0, 0.0, 0.0, 0.0, 0.0, 0.0, 0.0, 0.0]
NSGA-II Datapoints [100.0, 100.0, 100.0, 100.0, 100.0, 100.0, 100.0, 100.0, 100.0, 0.0, 100.0, 100.0, 100.0, 100.0, 100.0, 100.0, 100.0, 100.0, 100.0, 0.0, 100.0, 100.0, 100.0, 100.0, 100.0, 100.0, 100.0, 100.0, 100.0, 0.0, 100.0, 100.0, 100.0, 100.0, 100.0, 100.0, 100.0, 100.0, 100.0, 0.0]
PaiR Avg. 90.0 ## DeepNSGA-II Avg. 27.5 ## NSGA-II Avg. 90.0
PaiR STD. 30.38218101251 ## DeepNSGA-II STD. 45.22025867763026 ## NSGA-II STD. 30.38218101251
********************************************************* 
hour: 7
significance (U-test):PaiR / DeepNSGA-II 0.08062159396055969
significance (U-test):PaiR / NSGA-II 1.0
VDA: PaiR / DeepNSGA-II 0.575
VDA: PaiR / NSGA-II 0.5
PaiR Datapoints [100.0, 100.0, 100.0, 100.0, 100.0, 100.0, 100.0, 100.0, 100.0, 0.0, 100.0, 100.0, 100.0, 100.0, 100.0, 100.0, 100.0, 100.0, 100.0, 0.0, 100.0, 100.0, 100.0, 100.0, 100.0, 100.0, 100.0, 100.0, 100.0, 0.0, 100.0, 100.0, 100.0, 100.0, 100.0, 100.0, 100.0, 100.0, 100.0, 0.0]
DeepNSGA-II Datapoints [100.0, 100.0, 100.0, 100.0, 100.0, 100.0, 100.0, 100.0, 100.0, 0.0, 100.0, 100.0, 100.0, 100.0, 100.0, 100.0, 100.0, 100.0, 100.0, 0.0, 100.0, 100.0, 100.0, 100.0, 100.0, 0.0, 0.0, 100.0, 100.0, 0.0, 100.0, 100.0, 100.0, 0.0, 0.0, 100.0, 0.0, 0.0, 100.0, 0.0]
NSGA-II Datapoints [100.0, 100.0, 100.0, 100.0, 100.0, 100.0, 100.0, 100.0, 100.0, 0.0, 100.0, 100.0, 100.0, 100.0, 100.0, 100.0, 100.0, 100.0, 100.0, 0.0, 100.0, 100.0, 100.0, 100.0, 100.0, 100.0, 100.0, 100.0, 100.0, 0.0, 100.0, 100.0, 100.0, 100.0, 100.0, 100.0, 100.0, 100.0, 100.0, 0.0]
PaiR Avg. 90.0 ## DeepNSGA-II Avg. 75.0 ## NSGA-II Avg. 90.0
PaiR STD. 30.38218101251 ## DeepNSGA-II STD. 43.85290096535146 ## NSGA-II STD. 30.38218101251
********************************************************* 
hour: 8
significance (U-test):PaiR / DeepNSGA-II 0.5070194777030718
significance (U-test):PaiR / NSGA-II 1.0
VDA: PaiR / DeepNSGA-II 0.525
VDA: PaiR / NSGA-II 0.5
PaiR Datapoints [100.0, 100.0, 100.0, 100.0, 100.0, 100.0, 100.0, 100.0, 100.0, 0.0, 100.0, 100.0, 100.0, 100.0, 100.0, 100.0, 100.0, 100.0, 100.0, 0.0, 100.0, 100.0, 100.0, 100.0, 100.0, 100.0, 100.0, 100.0, 100.0, 0.0, 100.0, 100.0, 100.0, 100.0, 100.0, 100.0, 100.0, 100.0, 100.0, 0.0]
DeepNSGA-II Datapoints [100.0, 100.0, 100.0, 100.0, 100.0, 100.0, 100.0, 100.0, 100.0, 0.0, 100.0, 100.0, 100.0, 100.0, 100.0, 100.0, 100.0, 100.0, 100.0, 0.0, 100.0, 100.0, 100.0, 100.0, 100.0, 100.0, 100.0, 100.0, 100.0, 0.0, 100.0, 100.0, 100.0, 0.0, 100.0, 100.0, 0.0, 100.0, 100.0, 0.0]
NSGA-II Datapoints [100.0, 100.0, 100.0, 100.0, 100.0, 100.0, 100.0, 100.0, 100.0, 0.0, 100.0, 100.0, 100.0, 100.0, 100.0, 100.0, 100.0, 100.0, 100.0, 0.0, 100.0, 100.0, 100.0, 100.0, 100.0, 100.0, 100.0, 100.0, 100.0, 0.0, 100.0, 100.0, 100.0, 100.0, 100.0, 100.0, 100.0, 100.0, 100.0, 0.0]
PaiR Avg. 90.0 ## DeepNSGA-II Avg. 85.0 ## NSGA-II Avg. 90.0
PaiR STD. 30.38218101251 ## DeepNSGA-II STD. 36.16202853397895 ## NSGA-II STD. 30.38218101251
********************************************************* 
hour: 9
significance (U-test):PaiR / DeepNSGA-II 1.0
significance (U-test):PaiR / NSGA-II 1.0
VDA: PaiR / DeepNSGA-II 0.5
VDA: PaiR / NSGA-II 0.5
PaiR Datapoints [100.0, 100.0, 100.0, 100.0, 100.0, 100.0, 100.0, 100.0, 100.0, 0.0, 100.0, 100.0, 100.0, 100.0, 100.0, 100.0, 100.0, 100.0, 100.0, 0.0, 100.0, 100.0, 100.0, 100.0, 100.0, 100.0, 100.0, 100.0, 100.0, 0.0, 100.0, 100.0, 100.0, 100.0, 100.0, 100.0, 100.0, 100.0, 100.0, 0.0]
DeepNSGA-II Datapoints [100.0, 100.0, 100.0, 100.0, 100.0, 100.0, 100.0, 100.0, 100.0, 0.0, 100.0, 100.0, 100.0, 100.0, 100.0, 100.0, 100.0, 100.0, 100.0, 0.0, 100.0, 100.0, 100.0, 100.0, 100.0, 100.0, 100.0, 100.0, 100.0, 0.0, 100.0, 100.0, 100.0, 100.0, 100.0, 100.0, 100.0, 100.0, 100.0, 0.0]
NSGA-II Datapoints [100.0, 100.0, 100.0, 100.0, 100.0, 100.0, 100.0, 100.0, 100.0, 0.0, 100.0, 100.0, 100.0, 100.0, 100.0, 100.0, 100.0, 100.0, 100.0, 0.0, 100.0, 100.0, 100.0, 100.0, 100.0, 100.0, 100.0, 100.0, 100.0, 0.0, 100.0, 100.0, 100.0, 100.0, 100.0, 100.0, 100.0, 100.0, 100.0, 0.0]
PaiR Avg. 90.0 ## DeepNSGA-II Avg. 90.0 ## NSGA-II Avg. 90.0
PaiR STD. 30.38218101251 ## DeepNSGA-II STD. 30.38218101251 ## NSGA-II STD. 30.38218101251
********************************************************* 
hour: 10
significance (U-test):PaiR / DeepNSGA-II 1.0
significance (U-test):PaiR / NSGA-II 1.0
VDA: PaiR / DeepNSGA-II 0.5
VDA: PaiR / NSGA-II 0.5
PaiR Datapoints [100.0, 100.0, 100.0, 100.0, 100.0, 100.0, 100.0, 100.0, 100.0, 0.0, 100.0, 100.0, 100.0, 100.0, 100.0, 100.0, 100.0, 100.0, 100.0, 0.0, 100.0, 100.0, 100.0, 100.0, 100.0, 100.0, 100.0, 100.0, 100.0, 0.0, 100.0, 100.0, 100.0, 100.0, 100.0, 100.0, 100.0, 100.0, 100.0, 0.0]
DeepNSGA-II Datapoints [100.0, 100.0, 100.0, 100.0, 100.0, 100.0, 100.0, 100.0, 100.0, 0.0, 100.0, 100.0, 100.0, 100.0, 100.0, 100.0, 100.0, 100.0, 100.0, 0.0, 100.0, 100.0, 100.0, 100.0, 100.0, 100.0, 100.0, 100.0, 100.0, 0.0, 100.0, 100.0, 100.0, 100.0, 100.0, 100.0, 100.0, 100.0, 100.0, 0.0]
NSGA-II Datapoints [100.0, 100.0, 100.0, 100.0, 100.0, 100.0, 100.0, 100.0, 100.0, 0.0, 100.0, 100.0, 100.0, 100.0, 100.0, 100.0, 100.0, 100.0, 100.0, 0.0, 100.0, 100.0, 100.0, 100.0, 100.0, 100.0, 100.0, 100.0, 100.0, 0.0, 100.0, 100.0, 100.0, 100.0, 100.0, 100.0, 100.0, 100.0, 100.0, 0.0]
PaiR Avg. 90.0 ## DeepNSGA-II Avg. 90.0 ## NSGA-II Avg. 90.0
PaiR STD. 30.38218101251 ## DeepNSGA-II STD. 30.38218101251 ## NSGA-II STD. 30.38218101251
********************************************************* 
hour: 11
significance (U-test):PaiR / DeepNSGA-II 1.0
significance (U-test):PaiR / NSGA-II 1.0
VDA: PaiR / DeepNSGA-II 0.5
VDA: PaiR / NSGA-II 0.5
PaiR Datapoints [100.0, 100.0, 100.0, 100.0, 100.0, 100.0, 100.0, 100.0, 100.0, 0.0, 100.0, 100.0, 100.0, 100.0, 100.0, 100.0, 100.0, 100.0, 100.0, 0.0, 100.0, 100.0, 100.0, 100.0, 100.0, 100.0, 100.0, 100.0, 100.0, 0.0, 100.0, 100.0, 100.0, 100.0, 100.0, 100.0, 100.0, 100.0, 100.0, 0.0]
DeepNSGA-II Datapoints [100.0, 100.0, 100.0, 100.0, 100.0, 100.0, 100.0, 100.0, 100.0, 0.0, 100.0, 100.0, 100.0, 100.0, 100.0, 100.0, 100.0, 100.0, 100.0, 0.0, 100.0, 100.0, 100.0, 100.0, 100.0, 100.0, 100.0, 100.0, 100.0, 0.0, 100.0, 100.0, 100.0, 100.0, 100.0, 100.0, 100.0, 100.0, 100.0, 0.0]
NSGA-II Datapoints [100.0, 100.0, 100.0, 100.0, 100.0, 100.0, 100.0, 100.0, 100.0, 0.0, 100.0, 100.0, 100.0, 100.0, 100.0, 100.0, 100.0, 100.0, 100.0, 0.0, 100.0, 100.0, 100.0, 100.0, 100.0, 100.0, 100.0, 100.0, 100.0, 0.0, 100.0, 100.0, 100.0, 100.0, 100.0, 100.0, 100.0, 100.0, 100.0, 0.0]
PaiR Avg. 90.0 ## DeepNSGA-II Avg. 90.0 ## NSGA-II Avg. 90.0
PaiR STD. 30.38218101251 ## DeepNSGA-II STD. 30.38218101251 ## NSGA-II STD. 30.38218101251
********************************************************* 
hour: 12
significance (U-test):PaiR / DeepNSGA-II 1.0
significance (U-test):PaiR / NSGA-II 1.0
VDA: PaiR / DeepNSGA-II 0.5
VDA: PaiR / NSGA-II 0.5
PaiR Datapoints [100.0, 100.0, 100.0, 100.0, 100.0, 100.0, 100.0, 100.0, 100.0, 0.0, 100.0, 100.0, 100.0, 100.0, 100.0, 100.0, 100.0, 100.0, 100.0, 0.0, 100.0, 100.0, 100.0, 100.0, 100.0, 100.0, 100.0, 100.0, 100.0, 0.0, 100.0, 100.0, 100.0, 100.0, 100.0, 100.0, 100.0, 100.0, 100.0, 0.0]
DeepNSGA-II Datapoints [100.0, 100.0, 100.0, 100.0, 100.0, 100.0, 100.0, 100.0, 100.0, 0.0, 100.0, 100.0, 100.0, 100.0, 100.0, 100.0, 100.0, 100.0, 100.0, 0.0, 100.0, 100.0, 100.0, 100.0, 100.0, 100.0, 100.0, 100.0, 100.0, 0.0, 100.0, 100.0, 100.0, 100.0, 100.0, 100.0, 100.0, 100.0, 100.0, 0.0]
NSGA-II Datapoints [100.0, 100.0, 100.0, 100.0, 100.0, 100.0, 100.0, 100.0, 100.0, 0.0, 100.0, 100.0, 100.0, 100.0, 100.0, 100.0, 100.0, 100.0, 100.0, 0.0, 100.0, 100.0, 100.0, 100.0, 100.0, 100.0, 100.0, 100.0, 100.0, 0.0, 100.0, 100.0, 100.0, 100.0, 100.0, 100.0, 100.0, 100.0, 100.0, 0.0]
PaiR Avg. 90.0 ## DeepNSGA-II Avg. 90.0 ## NSGA-II Avg. 90.0
PaiR STD. 30.38218101251 ## DeepNSGA-II STD. 30.38218101251 ## NSGA-II STD. 30.38218101251
********************************************************* 
hour: 13
significance (U-test):PaiR / DeepNSGA-II 1.0
significance (U-test):PaiR / NSGA-II 1.0
VDA: PaiR / DeepNSGA-II 0.5
VDA: PaiR / NSGA-II 0.5
PaiR Datapoints [100.0, 100.0, 100.0, 100.0, 100.0, 100.0, 100.0, 100.0, 100.0, 0.0, 100.0, 100.0, 100.0, 100.0, 100.0, 100.0, 100.0, 100.0, 100.0, 0.0, 100.0, 100.0, 100.0, 100.0, 100.0, 100.0, 100.0, 100.0, 100.0, 0.0, 100.0, 100.0, 100.0, 100.0, 100.0, 100.0, 100.0, 100.0, 100.0, 0.0]
DeepNSGA-II Datapoints [100.0, 100.0, 100.0, 100.0, 100.0, 100.0, 100.0, 100.0, 100.0, 0.0, 100.0, 100.0, 100.0, 100.0, 100.0, 100.0, 100.0, 100.0, 100.0, 0.0, 100.0, 100.0, 100.0, 100.0, 100.0, 100.0, 100.0, 100.0, 100.0, 0.0, 100.0, 100.0, 100.0, 100.0, 100.0, 100.0, 100.0, 100.0, 100.0, 0.0]
NSGA-II Datapoints [100.0, 100.0, 100.0, 100.0, 100.0, 100.0, 100.0, 100.0, 100.0, 0.0, 100.0, 100.0, 100.0, 100.0, 100.0, 100.0, 100.0, 100.0, 100.0, 0.0, 100.0, 100.0, 100.0, 100.0, 100.0, 100.0, 100.0, 100.0, 100.0, 0.0, 100.0, 100.0, 100.0, 100.0, 100.0, 100.0, 100.0, 100.0, 100.0, 0.0]
PaiR Avg. 90.0 ## DeepNSGA-II Avg. 90.0 ## NSGA-II Avg. 90.0
PaiR STD. 30.38218101251 ## DeepNSGA-II STD. 30.38218101251 ## NSGA-II STD. 30.38218101251
********************************************************* 
hour: 14
significance (U-test):PaiR / DeepNSGA-II 1.0
significance (U-test):PaiR / NSGA-II 1.0
VDA: PaiR / DeepNSGA-II 0.5
VDA: PaiR / NSGA-II 0.5
PaiR Datapoints [100.0, 100.0, 100.0, 100.0, 100.0, 100.0, 100.0, 100.0, 100.0, 0.0, 100.0, 100.0, 100.0, 100.0, 100.0, 100.0, 100.0, 100.0, 100.0, 0.0, 100.0, 100.0, 100.0, 100.0, 100.0, 100.0, 100.0, 100.0, 100.0, 0.0, 100.0, 100.0, 100.0, 100.0, 100.0, 100.0, 100.0, 100.0, 100.0, 0.0]
DeepNSGA-II Datapoints [100.0, 100.0, 100.0, 100.0, 100.0, 100.0, 100.0, 100.0, 100.0, 0.0, 100.0, 100.0, 100.0, 100.0, 100.0, 100.0, 100.0, 100.0, 100.0, 0.0, 100.0, 100.0, 100.0, 100.0, 100.0, 100.0, 100.0, 100.0, 100.0, 0.0, 100.0, 100.0, 100.0, 100.0, 100.0, 100.0, 100.0, 100.0, 100.0, 0.0]
NSGA-II Datapoints [100.0, 100.0, 100.0, 100.0, 100.0, 100.0, 100.0, 100.0, 100.0, 0.0, 100.0, 100.0, 100.0, 100.0, 100.0, 100.0, 100.0, 100.0, 100.0, 0.0, 100.0, 100.0, 100.0, 100.0, 100.0, 100.0, 100.0, 100.0, 100.0, 0.0, 100.0, 100.0, 100.0, 100.0, 100.0, 100.0, 100.0, 100.0, 100.0, 0.0]
PaiR Avg. 90.0 ## DeepNSGA-II Avg. 90.0 ## NSGA-II Avg. 90.0
PaiR STD. 30.38218101251 ## DeepNSGA-II STD. 30.38218101251 ## NSGA-II STD. 30.38218101251
********************************************************* 
hour: 15
significance (U-test):PaiR / DeepNSGA-II 1.0
significance (U-test):PaiR / NSGA-II 1.0
VDA: PaiR / DeepNSGA-II 0.5
VDA: PaiR / NSGA-II 0.5
PaiR Datapoints [100.0, 100.0, 100.0, 100.0, 100.0, 100.0, 100.0, 100.0, 100.0, 0.0, 100.0, 100.0, 100.0, 100.0, 100.0, 100.0, 100.0, 100.0, 100.0, 0.0, 100.0, 100.0, 100.0, 100.0, 100.0, 100.0, 100.0, 100.0, 100.0, 0.0, 100.0, 100.0, 100.0, 100.0, 100.0, 100.0, 100.0, 100.0, 100.0, 0.0]
DeepNSGA-II Datapoints [100.0, 100.0, 100.0, 100.0, 100.0, 100.0, 100.0, 100.0, 100.0, 0.0, 100.0, 100.0, 100.0, 100.0, 100.0, 100.0, 100.0, 100.0, 100.0, 0.0, 100.0, 100.0, 100.0, 100.0, 100.0, 100.0, 100.0, 100.0, 100.0, 0.0, 100.0, 100.0, 100.0, 100.0, 100.0, 100.0, 100.0, 100.0, 100.0, 0.0]
NSGA-II Datapoints [100.0, 100.0, 100.0, 100.0, 100.0, 100.0, 100.0, 100.0, 100.0, 0.0, 100.0, 100.0, 100.0, 100.0, 100.0, 100.0, 100.0, 100.0, 100.0, 0.0, 100.0, 100.0, 100.0, 100.0, 100.0, 100.0, 100.0, 100.0, 100.0, 0.0, 100.0, 100.0, 100.0, 100.0, 100.0, 100.0, 100.0, 100.0, 100.0, 0.0]
PaiR Avg. 90.0 ## DeepNSGA-II Avg. 90.0 ## NSGA-II Avg. 90.0
PaiR STD. 30.38218101251 ## DeepNSGA-II STD. 30.38218101251 ## NSGA-II STD. 30.38218101251
********************************************************* 
hour: 16
significance (U-test):PaiR / DeepNSGA-II 1.0
significance (U-test):PaiR / NSGA-II 1.0
VDA: PaiR / DeepNSGA-II 0.5
VDA: PaiR / NSGA-II 0.5
PaiR Datapoints [100.0, 100.0, 100.0, 100.0, 100.0, 100.0, 100.0, 100.0, 100.0, 0.0, 100.0, 100.0, 100.0, 100.0, 100.0, 100.0, 100.0, 100.0, 100.0, 0.0, 100.0, 100.0, 100.0, 100.0, 100.0, 100.0, 100.0, 100.0, 100.0, 0.0, 100.0, 100.0, 100.0, 100.0, 100.0, 100.0, 100.0, 100.0, 100.0, 0.0]
DeepNSGA-II Datapoints [100.0, 100.0, 100.0, 100.0, 100.0, 100.0, 100.0, 100.0, 100.0, 0.0, 100.0, 100.0, 100.0, 100.0, 100.0, 100.0, 100.0, 100.0, 100.0, 0.0, 100.0, 100.0, 100.0, 100.0, 100.0, 100.0, 100.0, 100.0, 100.0, 0.0, 100.0, 100.0, 100.0, 100.0, 100.0, 100.0, 100.0, 100.0, 100.0, 0.0]
NSGA-II Datapoints [100.0, 100.0, 100.0, 100.0, 100.0, 100.0, 100.0, 100.0, 100.0, 0.0, 100.0, 100.0, 100.0, 100.0, 100.0, 100.0, 100.0, 100.0, 100.0, 0.0, 100.0, 100.0, 100.0, 100.0, 100.0, 100.0, 100.0, 100.0, 100.0, 0.0, 100.0, 100.0, 100.0, 100.0, 100.0, 100.0, 100.0, 100.0, 100.0, 0.0]
PaiR Avg. 90.0 ## DeepNSGA-II Avg. 90.0 ## NSGA-II Avg. 90.0
PaiR STD. 30.38218101251 ## DeepNSGA-II STD. 30.38218101251 ## NSGA-II STD. 30.38218101251
********************************************************* 
hour: 17
significance (U-test):PaiR / DeepNSGA-II 1.0
significance (U-test):PaiR / NSGA-II 1.0
VDA: PaiR / DeepNSGA-II 0.5
VDA: PaiR / NSGA-II 0.5
PaiR Datapoints [100.0, 100.0, 100.0, 100.0, 100.0, 100.0, 100.0, 100.0, 100.0, 0.0, 100.0, 100.0, 100.0, 100.0, 100.0, 100.0, 100.0, 100.0, 100.0, 0.0, 100.0, 100.0, 100.0, 100.0, 100.0, 100.0, 100.0, 100.0, 100.0, 0.0, 100.0, 100.0, 100.0, 100.0, 100.0, 100.0, 100.0, 100.0, 100.0, 0.0]
DeepNSGA-II Datapoints [100.0, 100.0, 100.0, 100.0, 100.0, 100.0, 100.0, 100.0, 100.0, 0.0, 100.0, 100.0, 100.0, 100.0, 100.0, 100.0, 100.0, 100.0, 100.0, 0.0, 100.0, 100.0, 100.0, 100.0, 100.0, 100.0, 100.0, 100.0, 100.0, 0.0, 100.0, 100.0, 100.0, 100.0, 100.0, 100.0, 100.0, 100.0, 100.0, 0.0]
NSGA-II Datapoints [100.0, 100.0, 100.0, 100.0, 100.0, 100.0, 100.0, 100.0, 100.0, 0.0, 100.0, 100.0, 100.0, 100.0, 100.0, 100.0, 100.0, 100.0, 100.0, 0.0, 100.0, 100.0, 100.0, 100.0, 100.0, 100.0, 100.0, 100.0, 100.0, 0.0, 100.0, 100.0, 100.0, 100.0, 100.0, 100.0, 100.0, 100.0, 100.0, 0.0]
PaiR Avg. 90.0 ## DeepNSGA-II Avg. 90.0 ## NSGA-II Avg. 90.0
PaiR STD. 30.38218101251 ## DeepNSGA-II STD. 30.38218101251 ## NSGA-II STD. 30.38218101251
********************************************************* 
hour: 18
significance (U-test):PaiR / DeepNSGA-II 1.0
significance (U-test):PaiR / NSGA-II 1.0
VDA: PaiR / DeepNSGA-II 0.5
VDA: PaiR / NSGA-II 0.5
PaiR Datapoints [100.0, 100.0, 100.0, 100.0, 100.0, 100.0, 100.0, 100.0, 100.0, 0.0, 100.0, 100.0, 100.0, 100.0, 100.0, 100.0, 100.0, 100.0, 100.0, 0.0, 100.0, 100.0, 100.0, 100.0, 100.0, 100.0, 100.0, 100.0, 100.0, 0.0, 100.0, 100.0, 100.0, 100.0, 100.0, 100.0, 100.0, 100.0, 100.0, 0.0]
DeepNSGA-II Datapoints [100.0, 100.0, 100.0, 100.0, 100.0, 100.0, 100.0, 100.0, 100.0, 0.0, 100.0, 100.0, 100.0, 100.0, 100.0, 100.0, 100.0, 100.0, 100.0, 0.0, 100.0, 100.0, 100.0, 100.0, 100.0, 100.0, 100.0, 100.0, 100.0, 0.0, 100.0, 100.0, 100.0, 100.0, 100.0, 100.0, 100.0, 100.0, 100.0, 0.0]
NSGA-II Datapoints [100.0, 100.0, 100.0, 100.0, 100.0, 100.0, 100.0, 100.0, 100.0, 0.0, 100.0, 100.0, 100.0, 100.0, 100.0, 100.0, 100.0, 100.0, 100.0, 0.0, 100.0, 100.0, 100.0, 100.0, 100.0, 100.0, 100.0, 100.0, 100.0, 0.0, 100.0, 100.0, 100.0, 100.0, 100.0, 100.0, 100.0, 100.0, 100.0, 0.0]
PaiR Avg. 90.0 ## DeepNSGA-II Avg. 90.0 ## NSGA-II Avg. 90.0
PaiR STD. 30.38218101251 ## DeepNSGA-II STD. 30.38218101251 ## NSGA-II STD. 30.38218101251
********************************************************* 
hour: 19
significance (U-test):PaiR / DeepNSGA-II 1.0
significance (U-test):PaiR / NSGA-II 1.0
VDA: PaiR / DeepNSGA-II 0.5
VDA: PaiR / NSGA-II 0.5
PaiR Datapoints [100.0, 100.0, 100.0, 100.0, 100.0, 100.0, 100.0, 100.0, 100.0, 0.0, 100.0, 100.0, 100.0, 100.0, 100.0, 100.0, 100.0, 100.0, 100.0, 0.0, 100.0, 100.0, 100.0, 100.0, 100.0, 100.0, 100.0, 100.0, 100.0, 0.0, 100.0, 100.0, 100.0, 100.0, 100.0, 100.0, 100.0, 100.0, 100.0, 0.0]
DeepNSGA-II Datapoints [100.0, 100.0, 100.0, 100.0, 100.0, 100.0, 100.0, 100.0, 100.0, 0.0, 100.0, 100.0, 100.0, 100.0, 100.0, 100.0, 100.0, 100.0, 100.0, 0.0, 100.0, 100.0, 100.0, 100.0, 100.0, 100.0, 100.0, 100.0, 100.0, 0.0, 100.0, 100.0, 100.0, 100.0, 100.0, 100.0, 100.0, 100.0, 100.0, 0.0]
NSGA-II Datapoints [100.0, 100.0, 100.0, 100.0, 100.0, 100.0, 100.0, 100.0, 100.0, 0.0, 100.0, 100.0, 100.0, 100.0, 100.0, 100.0, 100.0, 100.0, 100.0, 0.0, 100.0, 100.0, 100.0, 100.0, 100.0, 100.0, 100.0, 100.0, 100.0, 0.0, 100.0, 100.0, 100.0, 100.0, 100.0, 100.0, 100.0, 100.0, 100.0, 0.0]
PaiR Avg. 90.0 ## DeepNSGA-II Avg. 90.0 ## NSGA-II Avg. 90.0
PaiR STD. 30.38218101251 ## DeepNSGA-II STD. 30.38218101251 ## NSGA-II STD. 30.38218101251
********************************************************* 
hour: 20
significance (U-test):PaiR / DeepNSGA-II 1.0
significance (U-test):PaiR / NSGA-II 1.0
VDA: PaiR / DeepNSGA-II 0.5
VDA: PaiR / NSGA-II 0.5
PaiR Datapoints [100.0, 100.0, 100.0, 100.0, 100.0, 100.0, 100.0, 100.0, 100.0, 0.0, 100.0, 100.0, 100.0, 100.0, 100.0, 100.0, 100.0, 100.0, 100.0, 0.0, 100.0, 100.0, 100.0, 100.0, 100.0, 100.0, 100.0, 100.0, 100.0, 0.0, 100.0, 100.0, 100.0, 100.0, 100.0, 100.0, 100.0, 100.0, 100.0, 0.0]
DeepNSGA-II Datapoints [100.0, 100.0, 100.0, 100.0, 100.0, 100.0, 100.0, 100.0, 100.0, 0.0, 100.0, 100.0, 100.0, 100.0, 100.0, 100.0, 100.0, 100.0, 100.0, 0.0, 100.0, 100.0, 100.0, 100.0, 100.0, 100.0, 100.0, 100.0, 100.0, 0.0, 100.0, 100.0, 100.0, 100.0, 100.0, 100.0, 100.0, 100.0, 100.0, 0.0]
NSGA-II Datapoints [100.0, 100.0, 100.0, 100.0, 100.0, 100.0, 100.0, 100.0, 100.0, 0.0, 100.0, 100.0, 100.0, 100.0, 100.0, 100.0, 100.0, 100.0, 100.0, 0.0, 100.0, 100.0, 100.0, 100.0, 100.0, 100.0, 100.0, 100.0, 100.0, 0.0, 100.0, 100.0, 100.0, 100.0, 100.0, 100.0, 100.0, 100.0, 100.0, 0.0]
PaiR Avg. 90.0 ## DeepNSGA-II Avg. 90.0 ## NSGA-II Avg. 90.0
PaiR STD. 30.38218101251 ## DeepNSGA-II STD. 30.38218101251 ## NSGA-II STD. 30.38218101251
********************************************************* 
hour: 21
significance (U-test):PaiR / DeepNSGA-II 1.0
significance (U-test):PaiR / NSGA-II 1.0
VDA: PaiR / DeepNSGA-II 0.5
VDA: PaiR / NSGA-II 0.5
PaiR Datapoints [100.0, 100.0, 100.0, 100.0, 100.0, 100.0, 100.0, 100.0, 100.0, 0.0, 100.0, 100.0, 100.0, 100.0, 100.0, 100.0, 100.0, 100.0, 100.0, 0.0, 100.0, 100.0, 100.0, 100.0, 100.0, 100.0, 100.0, 100.0, 100.0, 0.0, 100.0, 100.0, 100.0, 100.0, 100.0, 100.0, 100.0, 100.0, 100.0, 0.0]
DeepNSGA-II Datapoints [100.0, 100.0, 100.0, 100.0, 100.0, 100.0, 100.0, 100.0, 100.0, 0.0, 100.0, 100.0, 100.0, 100.0, 100.0, 100.0, 100.0, 100.0, 100.0, 0.0, 100.0, 100.0, 100.0, 100.0, 100.0, 100.0, 100.0, 100.0, 100.0, 0.0, 100.0, 100.0, 100.0, 100.0, 100.0, 100.0, 100.0, 100.0, 100.0, 0.0]
NSGA-II Datapoints [100.0, 100.0, 100.0, 100.0, 100.0, 100.0, 100.0, 100.0, 100.0, 0.0, 100.0, 100.0, 100.0, 100.0, 100.0, 100.0, 100.0, 100.0, 100.0, 0.0, 100.0, 100.0, 100.0, 100.0, 100.0, 100.0, 100.0, 100.0, 100.0, 0.0, 100.0, 100.0, 100.0, 100.0, 100.0, 100.0, 100.0, 100.0, 100.0, 0.0]
PaiR Avg. 90.0 ## DeepNSGA-II Avg. 90.0 ## NSGA-II Avg. 90.0
PaiR STD. 30.38218101251 ## DeepNSGA-II STD. 30.38218101251 ## NSGA-II STD. 30.38218101251
********************************************************* 
hour: 22
significance (U-test):PaiR / DeepNSGA-II 1.0
significance (U-test):PaiR / NSGA-II 1.0
VDA: PaiR / DeepNSGA-II 0.5
VDA: PaiR / NSGA-II 0.5
PaiR Datapoints [100.0, 100.0, 100.0, 100.0, 100.0, 100.0, 100.0, 100.0, 100.0, 0.0, 100.0, 100.0, 100.0, 100.0, 100.0, 100.0, 100.0, 100.0, 100.0, 0.0, 100.0, 100.0, 100.0, 100.0, 100.0, 100.0, 100.0, 100.0, 100.0, 0.0, 100.0, 100.0, 100.0, 100.0, 100.0, 100.0, 100.0, 100.0, 100.0, 0.0]
DeepNSGA-II Datapoints [100.0, 100.0, 100.0, 100.0, 100.0, 100.0, 100.0, 100.0, 100.0, 0.0, 100.0, 100.0, 100.0, 100.0, 100.0, 100.0, 100.0, 100.0, 100.0, 0.0, 100.0, 100.0, 100.0, 100.0, 100.0, 100.0, 100.0, 100.0, 100.0, 0.0, 100.0, 100.0, 100.0, 100.0, 100.0, 100.0, 100.0, 100.0, 100.0, 0.0]
NSGA-II Datapoints [100.0, 100.0, 100.0, 100.0, 100.0, 100.0, 100.0, 100.0, 100.0, 0.0, 100.0, 100.0, 100.0, 100.0, 100.0, 100.0, 100.0, 100.0, 100.0, 0.0, 100.0, 100.0, 100.0, 100.0, 100.0, 100.0, 100.0, 100.0, 100.0, 0.0, 100.0, 100.0, 100.0, 100.0, 100.0, 100.0, 100.0, 100.0, 100.0, 0.0]
PaiR Avg. 90.0 ## DeepNSGA-II Avg. 90.0 ## NSGA-II Avg. 90.0
PaiR STD. 30.38218101251 ## DeepNSGA-II STD. 30.38218101251 ## NSGA-II STD. 30.38218101251
********************************************************* 
hour: 23
significance (U-test):PaiR / DeepNSGA-II 1.0
significance (U-test):PaiR / NSGA-II 1.0
VDA: PaiR / DeepNSGA-II 0.5
VDA: PaiR / NSGA-II 0.5
PaiR Datapoints [100.0, 100.0, 100.0, 100.0, 100.0, 100.0, 100.0, 100.0, 100.0, 0.0, 100.0, 100.0, 100.0, 100.0, 100.0, 100.0, 100.0, 100.0, 100.0, 0.0, 100.0, 100.0, 100.0, 100.0, 100.0, 100.0, 100.0, 100.0, 100.0, 0.0, 100.0, 100.0, 100.0, 100.0, 100.0, 100.0, 100.0, 100.0, 100.0, 0.0]
DeepNSGA-II Datapoints [100.0, 100.0, 100.0, 100.0, 100.0, 100.0, 100.0, 100.0, 100.0, 0.0, 100.0, 100.0, 100.0, 100.0, 100.0, 100.0, 100.0, 100.0, 100.0, 0.0, 100.0, 100.0, 100.0, 100.0, 100.0, 100.0, 100.0, 100.0, 100.0, 0.0, 100.0, 100.0, 100.0, 100.0, 100.0, 100.0, 100.0, 100.0, 100.0, 0.0]
NSGA-II Datapoints [100.0, 100.0, 100.0, 100.0, 100.0, 100.0, 100.0, 100.0, 100.0, 0.0, 100.0, 100.0, 100.0, 100.0, 100.0, 100.0, 100.0, 100.0, 100.0, 0.0, 100.0, 100.0, 100.0, 100.0, 100.0, 100.0, 100.0, 100.0, 100.0, 0.0, 100.0, 100.0, 100.0, 100.0, 100.0, 100.0, 100.0, 100.0, 100.0, 0.0]
PaiR Avg. 90.0 ## DeepNSGA-II Avg. 90.0 ## NSGA-II Avg. 90.0
PaiR STD. 30.38218101251 ## DeepNSGA-II STD. 30.38218101251 ## NSGA-II STD. 30.38218101251
********************************************************* 
hour: 24
significance (U-test):PaiR / DeepNSGA-II 1.0
significance (U-test):PaiR / NSGA-II 1.0
VDA: PaiR / DeepNSGA-II 0.5
VDA: PaiR / NSGA-II 0.5
PaiR Datapoints [100.0, 100.0, 100.0, 100.0, 100.0, 100.0, 100.0, 100.0, 100.0, 0.0, 100.0, 100.0, 100.0, 100.0, 100.0, 100.0, 100.0, 100.0, 100.0, 0.0, 100.0, 100.0, 100.0, 100.0, 100.0, 100.0, 100.0, 100.0, 100.0, 0.0, 100.0, 100.0, 100.0, 100.0, 100.0, 100.0, 100.0, 100.0, 100.0, 0.0]
DeepNSGA-II Datapoints [100.0, 100.0, 100.0, 100.0, 100.0, 100.0, 100.0, 100.0, 100.0, 0.0, 100.0, 100.0, 100.0, 100.0, 100.0, 100.0, 100.0, 100.0, 100.0, 0.0, 100.0, 100.0, 100.0, 100.0, 100.0, 100.0, 100.0, 100.0, 100.0, 0.0, 100.0, 100.0, 100.0, 100.0, 100.0, 100.0, 100.0, 100.0, 100.0, 0.0]
NSGA-II Datapoints [100.0, 100.0, 100.0, 100.0, 100.0, 100.0, 100.0, 100.0, 100.0, 0.0, 100.0, 100.0, 100.0, 100.0, 100.0, 100.0, 100.0, 100.0, 100.0, 0.0, 100.0, 100.0, 100.0, 100.0, 100.0, 100.0, 100.0, 100.0, 100.0, 0.0, 100.0, 100.0, 100.0, 100.0, 100.0, 100.0, 100.0, 100.0, 100.0, 0.0]
PaiR Avg. 90.0 ## DeepNSGA-II Avg. 90.0 ## NSGA-II Avg. 90.0
PaiR STD. 30.38218101251 ## DeepNSGA-II STD. 30.38218101251 ## NSGA-II STD. 30.38218101251
********************************************************* 
hour: 25
significance (U-test):PaiR / DeepNSGA-II 1.0
significance (U-test):PaiR / NSGA-II 1.0
VDA: PaiR / DeepNSGA-II 0.5
VDA: PaiR / NSGA-II 0.5
PaiR Datapoints [100.0, 100.0, 100.0, 100.0, 100.0, 100.0, 100.0, 100.0, 100.0, 0.0, 100.0, 100.0, 100.0, 100.0, 100.0, 100.0, 100.0, 100.0, 100.0, 0.0, 100.0, 100.0, 100.0, 100.0, 100.0, 100.0, 100.0, 100.0, 100.0, 0.0, 100.0, 100.0, 100.0, 100.0, 100.0, 100.0, 100.0, 100.0, 100.0, 0.0]
DeepNSGA-II Datapoints [100.0, 100.0, 100.0, 100.0, 100.0, 100.0, 100.0, 100.0, 100.0, 0.0, 100.0, 100.0, 100.0, 100.0, 100.0, 100.0, 100.0, 100.0, 100.0, 0.0, 100.0, 100.0, 100.0, 100.0, 100.0, 100.0, 100.0, 100.0, 100.0, 0.0, 100.0, 100.0, 100.0, 100.0, 100.0, 100.0, 100.0, 100.0, 100.0, 0.0]
NSGA-II Datapoints [100.0, 100.0, 100.0, 100.0, 100.0, 100.0, 100.0, 100.0, 100.0, 0.0, 100.0, 100.0, 100.0, 100.0, 100.0, 100.0, 100.0, 100.0, 100.0, 0.0, 100.0, 100.0, 100.0, 100.0, 100.0, 100.0, 100.0, 100.0, 100.0, 0.0, 100.0, 100.0, 100.0, 100.0, 100.0, 100.0, 100.0, 100.0, 100.0, 0.0]
PaiR Avg. 90.0 ## DeepNSGA-II Avg. 90.0 ## NSGA-II Avg. 90.0
PaiR STD. 30.38218101251 ## DeepNSGA-II STD. 30.38218101251 ## NSGA-II STD. 30.38218101251
********************************************************* 
hour: 26
significance (U-test):PaiR / DeepNSGA-II 1.0
significance (U-test):PaiR / NSGA-II 1.0
VDA: PaiR / DeepNSGA-II 0.5
VDA: PaiR / NSGA-II 0.5
PaiR Datapoints [100.0, 100.0, 100.0, 100.0, 100.0, 100.0, 100.0, 100.0, 100.0, 0.0, 100.0, 100.0, 100.0, 100.0, 100.0, 100.0, 100.0, 100.0, 100.0, 0.0, 100.0, 100.0, 100.0, 100.0, 100.0, 100.0, 100.0, 100.0, 100.0, 0.0, 100.0, 100.0, 100.0, 100.0, 100.0, 100.0, 100.0, 100.0, 100.0, 0.0]
DeepNSGA-II Datapoints [100.0, 100.0, 100.0, 100.0, 100.0, 100.0, 100.0, 100.0, 100.0, 0.0, 100.0, 100.0, 100.0, 100.0, 100.0, 100.0, 100.0, 100.0, 100.0, 0.0, 100.0, 100.0, 100.0, 100.0, 100.0, 100.0, 100.0, 100.0, 100.0, 0.0, 100.0, 100.0, 100.0, 100.0, 100.0, 100.0, 100.0, 100.0, 100.0, 0.0]
NSGA-II Datapoints [100.0, 100.0, 100.0, 100.0, 100.0, 100.0, 100.0, 100.0, 100.0, 0.0, 100.0, 100.0, 100.0, 100.0, 100.0, 100.0, 100.0, 100.0, 100.0, 0.0, 100.0, 100.0, 100.0, 100.0, 100.0, 100.0, 100.0, 100.0, 100.0, 0.0, 100.0, 100.0, 100.0, 100.0, 100.0, 100.0, 100.0, 100.0, 100.0, 0.0]
PaiR Avg. 90.0 ## DeepNSGA-II Avg. 90.0 ## NSGA-II Avg. 90.0
PaiR STD. 30.38218101251 ## DeepNSGA-II STD. 30.38218101251 ## NSGA-II STD. 30.38218101251
********************************************************* 
hour: 27
significance (U-test):PaiR / DeepNSGA-II 1.0
significance (U-test):PaiR / NSGA-II 1.0
VDA: PaiR / DeepNSGA-II 0.5
VDA: PaiR / NSGA-II 0.5
PaiR Datapoints [100.0, 100.0, 100.0, 100.0, 100.0, 100.0, 100.0, 100.0, 100.0, 0.0, 100.0, 100.0, 100.0, 100.0, 100.0, 100.0, 100.0, 100.0, 100.0, 0.0, 100.0, 100.0, 100.0, 100.0, 100.0, 100.0, 100.0, 100.0, 100.0, 0.0, 100.0, 100.0, 100.0, 100.0, 100.0, 100.0, 100.0, 100.0, 100.0, 0.0]
DeepNSGA-II Datapoints [100.0, 100.0, 100.0, 100.0, 100.0, 100.0, 100.0, 100.0, 100.0, 0.0, 100.0, 100.0, 100.0, 100.0, 100.0, 100.0, 100.0, 100.0, 100.0, 0.0, 100.0, 100.0, 100.0, 100.0, 100.0, 100.0, 100.0, 100.0, 100.0, 0.0, 100.0, 100.0, 100.0, 100.0, 100.0, 100.0, 100.0, 100.0, 100.0, 0.0]
NSGA-II Datapoints [100.0, 100.0, 100.0, 100.0, 100.0, 100.0, 100.0, 100.0, 100.0, 0.0, 100.0, 100.0, 100.0, 100.0, 100.0, 100.0, 100.0, 100.0, 100.0, 0.0, 100.0, 100.0, 100.0, 100.0, 100.0, 100.0, 100.0, 100.0, 100.0, 0.0, 100.0, 100.0, 100.0, 100.0, 100.0, 100.0, 100.0, 100.0, 100.0, 0.0]
PaiR Avg. 90.0 ## DeepNSGA-II Avg. 90.0 ## NSGA-II Avg. 90.0
PaiR STD. 30.38218101251 ## DeepNSGA-II STD. 30.38218101251 ## NSGA-II STD. 30.38218101251
********************************************************* 
hour: 28
significance (U-test):PaiR / DeepNSGA-II 1.0
significance (U-test):PaiR / NSGA-II 1.0
VDA: PaiR / DeepNSGA-II 0.5
VDA: PaiR / NSGA-II 0.5
PaiR Datapoints [100.0, 100.0, 100.0, 100.0, 100.0, 100.0, 100.0, 100.0, 100.0, 0.0, 100.0, 100.0, 100.0, 100.0, 100.0, 100.0, 100.0, 100.0, 100.0, 0.0, 100.0, 100.0, 100.0, 100.0, 100.0, 100.0, 100.0, 100.0, 100.0, 0.0, 100.0, 100.0, 100.0, 100.0, 100.0, 100.0, 100.0, 100.0, 100.0, 0.0]
DeepNSGA-II Datapoints [100.0, 100.0, 100.0, 100.0, 100.0, 100.0, 100.0, 100.0, 100.0, 0.0, 100.0, 100.0, 100.0, 100.0, 100.0, 100.0, 100.0, 100.0, 100.0, 0.0, 100.0, 100.0, 100.0, 100.0, 100.0, 100.0, 100.0, 100.0, 100.0, 0.0, 100.0, 100.0, 100.0, 100.0, 100.0, 100.0, 100.0, 100.0, 100.0, 0.0]
NSGA-II Datapoints [100.0, 100.0, 100.0, 100.0, 100.0, 100.0, 100.0, 100.0, 100.0, 0.0, 100.0, 100.0, 100.0, 100.0, 100.0, 100.0, 100.0, 100.0, 100.0, 0.0, 100.0, 100.0, 100.0, 100.0, 100.0, 100.0, 100.0, 100.0, 100.0, 0.0, 100.0, 100.0, 100.0, 100.0, 100.0, 100.0, 100.0, 100.0, 100.0, 0.0]
PaiR Avg. 90.0 ## DeepNSGA-II Avg. 90.0 ## NSGA-II Avg. 90.0
PaiR STD. 30.38218101251 ## DeepNSGA-II STD. 30.38218101251 ## NSGA-II STD. 30.38218101251
********************************************************* 
hour: 29
significance (U-test):PaiR / DeepNSGA-II 1.0
significance (U-test):PaiR / NSGA-II 1.0
VDA: PaiR / DeepNSGA-II 0.5
VDA: PaiR / NSGA-II 0.5
PaiR Datapoints [100.0, 100.0, 100.0, 100.0, 100.0, 100.0, 100.0, 100.0, 100.0, 0.0, 100.0, 100.0, 100.0, 100.0, 100.0, 100.0, 100.0, 100.0, 100.0, 0.0, 100.0, 100.0, 100.0, 100.0, 100.0, 100.0, 100.0, 100.0, 100.0, 0.0, 100.0, 100.0, 100.0, 100.0, 100.0, 100.0, 100.0, 100.0, 100.0, 0.0]
DeepNSGA-II Datapoints [100.0, 100.0, 100.0, 100.0, 100.0, 100.0, 100.0, 100.0, 100.0, 0.0, 100.0, 100.0, 100.0, 100.0, 100.0, 100.0, 100.0, 100.0, 100.0, 0.0, 100.0, 100.0, 100.0, 100.0, 100.0, 100.0, 100.0, 100.0, 100.0, 0.0, 100.0, 100.0, 100.0, 100.0, 100.0, 100.0, 100.0, 100.0, 100.0, 0.0]
NSGA-II Datapoints [100.0, 100.0, 100.0, 100.0, 100.0, 100.0, 100.0, 100.0, 100.0, 0.0, 100.0, 100.0, 100.0, 100.0, 100.0, 100.0, 100.0, 100.0, 100.0, 0.0, 100.0, 100.0, 100.0, 100.0, 100.0, 100.0, 100.0, 100.0, 100.0, 0.0, 100.0, 100.0, 100.0, 100.0, 100.0, 100.0, 100.0, 100.0, 100.0, 0.0]
PaiR Avg. 90.0 ## DeepNSGA-II Avg. 90.0 ## NSGA-II Avg. 90.0
PaiR STD. 30.38218101251 ## DeepNSGA-II STD. 30.38218101251 ## NSGA-II STD. 30.38218101251
********************************************************* 
hour: 30
significance (U-test):PaiR / DeepNSGA-II 1.0
significance (U-test):PaiR / NSGA-II 1.0
VDA: PaiR / DeepNSGA-II 0.5
VDA: PaiR / NSGA-II 0.5
PaiR Datapoints [100.0, 100.0, 100.0, 100.0, 100.0, 100.0, 100.0, 100.0, 100.0, 0.0, 100.0, 100.0, 100.0, 100.0, 100.0, 100.0, 100.0, 100.0, 100.0, 0.0, 100.0, 100.0, 100.0, 100.0, 100.0, 100.0, 100.0, 100.0, 100.0, 0.0, 100.0, 100.0, 100.0, 100.0, 100.0, 100.0, 100.0, 100.0, 100.0, 0.0]
DeepNSGA-II Datapoints [100.0, 100.0, 100.0, 100.0, 100.0, 100.0, 100.0, 100.0, 100.0, 0.0, 100.0, 100.0, 100.0, 100.0, 100.0, 100.0, 100.0, 100.0, 100.0, 0.0, 100.0, 100.0, 100.0, 100.0, 100.0, 100.0, 100.0, 100.0, 100.0, 0.0, 100.0, 100.0, 100.0, 100.0, 100.0, 100.0, 100.0, 100.0, 100.0, 0.0]
NSGA-II Datapoints [100.0, 100.0, 100.0, 100.0, 100.0, 100.0, 100.0, 100.0, 100.0, 0.0, 100.0, 100.0, 100.0, 100.0, 100.0, 100.0, 100.0, 100.0, 100.0, 0.0, 100.0, 100.0, 100.0, 100.0, 100.0, 100.0, 100.0, 100.0, 100.0, 0.0, 100.0, 100.0, 100.0, 100.0, 100.0, 100.0, 100.0, 100.0, 100.0, 0.0]
PaiR Avg. 90.0 ## DeepNSGA-II Avg. 90.0 ## NSGA-II Avg. 90.0
PaiR STD. 30.38218101251 ## DeepNSGA-II STD. 30.38218101251 ## NSGA-II STD. 30.38218101251
********************************************************* 
hour: 31
significance (U-test):PaiR / DeepNSGA-II 1.0
significance (U-test):PaiR / NSGA-II 1.0
VDA: PaiR / DeepNSGA-II 0.5
VDA: PaiR / NSGA-II 0.5
PaiR Datapoints [100.0, 100.0, 100.0, 100.0, 100.0, 100.0, 100.0, 100.0, 100.0, 0.0, 100.0, 100.0, 100.0, 100.0, 100.0, 100.0, 100.0, 100.0, 100.0, 0.0, 100.0, 100.0, 100.0, 100.0, 100.0, 100.0, 100.0, 100.0, 100.0, 0.0, 100.0, 100.0, 100.0, 100.0, 100.0, 100.0, 100.0, 100.0, 100.0, 0.0]
DeepNSGA-II Datapoints [100.0, 100.0, 100.0, 100.0, 100.0, 100.0, 100.0, 100.0, 100.0, 0.0, 100.0, 100.0, 100.0, 100.0, 100.0, 100.0, 100.0, 100.0, 100.0, 0.0, 100.0, 100.0, 100.0, 100.0, 100.0, 100.0, 100.0, 100.0, 100.0, 0.0, 100.0, 100.0, 100.0, 100.0, 100.0, 100.0, 100.0, 100.0, 100.0, 0.0]
NSGA-II Datapoints [100.0, 100.0, 100.0, 100.0, 100.0, 100.0, 100.0, 100.0, 100.0, 0.0, 100.0, 100.0, 100.0, 100.0, 100.0, 100.0, 100.0, 100.0, 100.0, 0.0, 100.0, 100.0, 100.0, 100.0, 100.0, 100.0, 100.0, 100.0, 100.0, 0.0, 100.0, 100.0, 100.0, 100.0, 100.0, 100.0, 100.0, 100.0, 100.0, 0.0]
PaiR Avg. 90.0 ## DeepNSGA-II Avg. 90.0 ## NSGA-II Avg. 90.0
PaiR STD. 30.38218101251 ## DeepNSGA-II STD. 30.38218101251 ## NSGA-II STD. 30.38218101251
********************************************************* 
hour: 32
significance (U-test):PaiR / DeepNSGA-II 1.0
significance (U-test):PaiR / NSGA-II 1.0
VDA: PaiR / DeepNSGA-II 0.5
VDA: PaiR / NSGA-II 0.5
PaiR Datapoints [100.0, 100.0, 100.0, 100.0, 100.0, 100.0, 100.0, 100.0, 100.0, 0.0, 100.0, 100.0, 100.0, 100.0, 100.0, 100.0, 100.0, 100.0, 100.0, 0.0, 100.0, 100.0, 100.0, 100.0, 100.0, 100.0, 100.0, 100.0, 100.0, 0.0, 100.0, 100.0, 100.0, 100.0, 100.0, 100.0, 100.0, 100.0, 100.0, 0.0]
DeepNSGA-II Datapoints [100.0, 100.0, 100.0, 100.0, 100.0, 100.0, 100.0, 100.0, 100.0, 0.0, 100.0, 100.0, 100.0, 100.0, 100.0, 100.0, 100.0, 100.0, 100.0, 0.0, 100.0, 100.0, 100.0, 100.0, 100.0, 100.0, 100.0, 100.0, 100.0, 0.0, 100.0, 100.0, 100.0, 100.0, 100.0, 100.0, 100.0, 100.0, 100.0, 0.0]
NSGA-II Datapoints [100.0, 100.0, 100.0, 100.0, 100.0, 100.0, 100.0, 100.0, 100.0, 0.0, 100.0, 100.0, 100.0, 100.0, 100.0, 100.0, 100.0, 100.0, 100.0, 0.0, 100.0, 100.0, 100.0, 100.0, 100.0, 100.0, 100.0, 100.0, 100.0, 0.0, 100.0, 100.0, 100.0, 100.0, 100.0, 100.0, 100.0, 100.0, 100.0, 0.0]
PaiR Avg. 90.0 ## DeepNSGA-II Avg. 90.0 ## NSGA-II Avg. 90.0
PaiR STD. 30.38218101251 ## DeepNSGA-II STD. 30.38218101251 ## NSGA-II STD. 30.38218101251
********************************************************* 
hour: 33
significance (U-test):PaiR / DeepNSGA-II 1.0
significance (U-test):PaiR / NSGA-II 1.0
VDA: PaiR / DeepNSGA-II 0.5
VDA: PaiR / NSGA-II 0.5
PaiR Datapoints [100.0, 100.0, 100.0, 100.0, 100.0, 100.0, 100.0, 100.0, 100.0, 0.0, 100.0, 100.0, 100.0, 100.0, 100.0, 100.0, 100.0, 100.0, 100.0, 0.0, 100.0, 100.0, 100.0, 100.0, 100.0, 100.0, 100.0, 100.0, 100.0, 0.0, 100.0, 100.0, 100.0, 100.0, 100.0, 100.0, 100.0, 100.0, 100.0, 0.0]
DeepNSGA-II Datapoints [100.0, 100.0, 100.0, 100.0, 100.0, 100.0, 100.0, 100.0, 100.0, 0.0, 100.0, 100.0, 100.0, 100.0, 100.0, 100.0, 100.0, 100.0, 100.0, 0.0, 100.0, 100.0, 100.0, 100.0, 100.0, 100.0, 100.0, 100.0, 100.0, 0.0, 100.0, 100.0, 100.0, 100.0, 100.0, 100.0, 100.0, 100.0, 100.0, 0.0]
NSGA-II Datapoints [100.0, 100.0, 100.0, 100.0, 100.0, 100.0, 100.0, 100.0, 100.0, 0.0, 100.0, 100.0, 100.0, 100.0, 100.0, 100.0, 100.0, 100.0, 100.0, 0.0, 100.0, 100.0, 100.0, 100.0, 100.0, 100.0, 100.0, 100.0, 100.0, 0.0, 100.0, 100.0, 100.0, 100.0, 100.0, 100.0, 100.0, 100.0, 100.0, 0.0]
PaiR Avg. 90.0 ## DeepNSGA-II Avg. 90.0 ## NSGA-II Avg. 90.0
PaiR STD. 30.38218101251 ## DeepNSGA-II STD. 30.38218101251 ## NSGA-II STD. 30.38218101251
********************************************************* 
hour: 34
significance (U-test):PaiR / DeepNSGA-II 1.0
significance (U-test):PaiR / NSGA-II 1.0
VDA: PaiR / DeepNSGA-II 0.5
VDA: PaiR / NSGA-II 0.5
PaiR Datapoints [100.0, 100.0, 100.0, 100.0, 100.0, 100.0, 100.0, 100.0, 100.0, 0.0, 100.0, 100.0, 100.0, 100.0, 100.0, 100.0, 100.0, 100.0, 100.0, 0.0, 100.0, 100.0, 100.0, 100.0, 100.0, 100.0, 100.0, 100.0, 100.0, 0.0, 100.0, 100.0, 100.0, 100.0, 100.0, 100.0, 100.0, 100.0, 100.0, 0.0]
DeepNSGA-II Datapoints [100.0, 100.0, 100.0, 100.0, 100.0, 100.0, 100.0, 100.0, 100.0, 0.0, 100.0, 100.0, 100.0, 100.0, 100.0, 100.0, 100.0, 100.0, 100.0, 0.0, 100.0, 100.0, 100.0, 100.0, 100.0, 100.0, 100.0, 100.0, 100.0, 0.0, 100.0, 100.0, 100.0, 100.0, 100.0, 100.0, 100.0, 100.0, 100.0, 0.0]
NSGA-II Datapoints [100.0, 100.0, 100.0, 100.0, 100.0, 100.0, 100.0, 100.0, 100.0, 0.0, 100.0, 100.0, 100.0, 100.0, 100.0, 100.0, 100.0, 100.0, 100.0, 0.0, 100.0, 100.0, 100.0, 100.0, 100.0, 100.0, 100.0, 100.0, 100.0, 0.0, 100.0, 100.0, 100.0, 100.0, 100.0, 100.0, 100.0, 100.0, 100.0, 0.0]
PaiR Avg. 90.0 ## DeepNSGA-II Avg. 90.0 ## NSGA-II Avg. 90.0
PaiR STD. 30.38218101251 ## DeepNSGA-II STD. 30.38218101251 ## NSGA-II STD. 30.38218101251
********************************************************* 
hour: 35
significance (U-test):PaiR / DeepNSGA-II 1.0
significance (U-test):PaiR / NSGA-II 1.0
VDA: PaiR / DeepNSGA-II 0.5
VDA: PaiR / NSGA-II 0.5
PaiR Datapoints [100.0, 100.0, 100.0, 100.0, 100.0, 100.0, 100.0, 100.0, 100.0, 0.0, 100.0, 100.0, 100.0, 100.0, 100.0, 100.0, 100.0, 100.0, 100.0, 0.0, 100.0, 100.0, 100.0, 100.0, 100.0, 100.0, 100.0, 100.0, 100.0, 0.0, 100.0, 100.0, 100.0, 100.0, 100.0, 100.0, 100.0, 100.0, 100.0, 0.0]
DeepNSGA-II Datapoints [100.0, 100.0, 100.0, 100.0, 100.0, 100.0, 100.0, 100.0, 100.0, 0.0, 100.0, 100.0, 100.0, 100.0, 100.0, 100.0, 100.0, 100.0, 100.0, 0.0, 100.0, 100.0, 100.0, 100.0, 100.0, 100.0, 100.0, 100.0, 100.0, 0.0, 100.0, 100.0, 100.0, 100.0, 100.0, 100.0, 100.0, 100.0, 100.0, 0.0]
NSGA-II Datapoints [100.0, 100.0, 100.0, 100.0, 100.0, 100.0, 100.0, 100.0, 100.0, 0.0, 100.0, 100.0, 100.0, 100.0, 100.0, 100.0, 100.0, 100.0, 100.0, 0.0, 100.0, 100.0, 100.0, 100.0, 100.0, 100.0, 100.0, 100.0, 100.0, 0.0, 100.0, 100.0, 100.0, 100.0, 100.0, 100.0, 100.0, 100.0, 100.0, 0.0]
PaiR Avg. 90.0 ## DeepNSGA-II Avg. 90.0 ## NSGA-II Avg. 90.0
PaiR STD. 30.38218101251 ## DeepNSGA-II STD. 30.38218101251 ## NSGA-II STD. 30.38218101251
********************************************************* 
hour: 36
significance (U-test):PaiR / DeepNSGA-II 1.0
significance (U-test):PaiR / NSGA-II 1.0
VDA: PaiR / DeepNSGA-II 0.5
VDA: PaiR / NSGA-II 0.5
PaiR Datapoints [100.0, 100.0, 100.0, 100.0, 100.0, 100.0, 100.0, 100.0, 100.0, 0.0, 100.0, 100.0, 100.0, 100.0, 100.0, 100.0, 100.0, 100.0, 100.0, 0.0, 100.0, 100.0, 100.0, 100.0, 100.0, 100.0, 100.0, 100.0, 100.0, 0.0, 100.0, 100.0, 100.0, 100.0, 100.0, 100.0, 100.0, 100.0, 100.0, 0.0]
DeepNSGA-II Datapoints [100.0, 100.0, 100.0, 100.0, 100.0, 100.0, 100.0, 100.0, 100.0, 0.0, 100.0, 100.0, 100.0, 100.0, 100.0, 100.0, 100.0, 100.0, 100.0, 0.0, 100.0, 100.0, 100.0, 100.0, 100.0, 100.0, 100.0, 100.0, 100.0, 0.0, 100.0, 100.0, 100.0, 100.0, 100.0, 100.0, 100.0, 100.0, 100.0, 0.0]
NSGA-II Datapoints [100.0, 100.0, 100.0, 100.0, 100.0, 100.0, 100.0, 100.0, 100.0, 0.0, 100.0, 100.0, 100.0, 100.0, 100.0, 100.0, 100.0, 100.0, 100.0, 0.0, 100.0, 100.0, 100.0, 100.0, 100.0, 100.0, 100.0, 100.0, 100.0, 0.0, 100.0, 100.0, 100.0, 100.0, 100.0, 100.0, 100.0, 100.0, 100.0, 0.0]
PaiR Avg. 90.0 ## DeepNSGA-II Avg. 90.0 ## NSGA-II Avg. 90.0
PaiR STD. 30.38218101251 ## DeepNSGA-II STD. 30.38218101251 ## NSGA-II STD. 30.38218101251
********************************************************* 
hour: 37
significance (U-test):PaiR / DeepNSGA-II 1.0
significance (U-test):PaiR / NSGA-II 1.0
VDA: PaiR / DeepNSGA-II 0.5
VDA: PaiR / NSGA-II 0.5
PaiR Datapoints [100.0, 100.0, 100.0, 100.0, 100.0, 100.0, 100.0, 100.0, 100.0, 0.0, 100.0, 100.0, 100.0, 100.0, 100.0, 100.0, 100.0, 100.0, 100.0, 0.0, 100.0, 100.0, 100.0, 100.0, 100.0, 100.0, 100.0, 100.0, 100.0, 0.0, 100.0, 100.0, 100.0, 100.0, 100.0, 100.0, 100.0, 100.0, 100.0, 0.0]
DeepNSGA-II Datapoints [100.0, 100.0, 100.0, 100.0, 100.0, 100.0, 100.0, 100.0, 100.0, 0.0, 100.0, 100.0, 100.0, 100.0, 100.0, 100.0, 100.0, 100.0, 100.0, 0.0, 100.0, 100.0, 100.0, 100.0, 100.0, 100.0, 100.0, 100.0, 100.0, 0.0, 100.0, 100.0, 100.0, 100.0, 100.0, 100.0, 100.0, 100.0, 100.0, 0.0]
NSGA-II Datapoints [100.0, 100.0, 100.0, 100.0, 100.0, 100.0, 100.0, 100.0, 100.0, 0.0, 100.0, 100.0, 100.0, 100.0, 100.0, 100.0, 100.0, 100.0, 100.0, 0.0, 100.0, 100.0, 100.0, 100.0, 100.0, 100.0, 100.0, 100.0, 100.0, 0.0, 100.0, 100.0, 100.0, 100.0, 100.0, 100.0, 100.0, 100.0, 100.0, 0.0]
PaiR Avg. 90.0 ## DeepNSGA-II Avg. 90.0 ## NSGA-II Avg. 90.0
PaiR STD. 30.38218101251 ## DeepNSGA-II STD. 30.38218101251 ## NSGA-II STD. 30.38218101251
********************************************************* 
hour: 38
significance (U-test):PaiR / DeepNSGA-II 1.0
significance (U-test):PaiR / NSGA-II 1.0
VDA: PaiR / DeepNSGA-II 0.5
VDA: PaiR / NSGA-II 0.5
PaiR Datapoints [100.0, 100.0, 100.0, 100.0, 100.0, 100.0, 100.0, 100.0, 100.0, 0.0, 100.0, 100.0, 100.0, 100.0, 100.0, 100.0, 100.0, 100.0, 100.0, 0.0, 100.0, 100.0, 100.0, 100.0, 100.0, 100.0, 100.0, 100.0, 100.0, 0.0, 100.0, 100.0, 100.0, 100.0, 100.0, 100.0, 100.0, 100.0, 100.0, 0.0]
DeepNSGA-II Datapoints [100.0, 100.0, 100.0, 100.0, 100.0, 100.0, 100.0, 100.0, 100.0, 0.0, 100.0, 100.0, 100.0, 100.0, 100.0, 100.0, 100.0, 100.0, 100.0, 0.0, 100.0, 100.0, 100.0, 100.0, 100.0, 100.0, 100.0, 100.0, 100.0, 0.0, 100.0, 100.0, 100.0, 100.0, 100.0, 100.0, 100.0, 100.0, 100.0, 0.0]
NSGA-II Datapoints [100.0, 100.0, 100.0, 100.0, 100.0, 100.0, 100.0, 100.0, 100.0, 0.0, 100.0, 100.0, 100.0, 100.0, 100.0, 100.0, 100.0, 100.0, 100.0, 0.0, 100.0, 100.0, 100.0, 100.0, 100.0, 100.0, 100.0, 100.0, 100.0, 0.0, 100.0, 100.0, 100.0, 100.0, 100.0, 100.0, 100.0, 100.0, 100.0, 0.0]
PaiR Avg. 90.0 ## DeepNSGA-II Avg. 90.0 ## NSGA-II Avg. 90.0
PaiR STD. 30.38218101251 ## DeepNSGA-II STD. 30.38218101251 ## NSGA-II STD. 30.38218101251
********************************************************* 
hour: 39
significance (U-test):PaiR / DeepNSGA-II 1.0
significance (U-test):PaiR / NSGA-II 1.0
VDA: PaiR / DeepNSGA-II 0.5
VDA: PaiR / NSGA-II 0.5
PaiR Datapoints [100.0, 100.0, 100.0, 100.0, 100.0, 100.0, 100.0, 100.0, 100.0, 0.0, 100.0, 100.0, 100.0, 100.0, 100.0, 100.0, 100.0, 100.0, 100.0, 0.0, 100.0, 100.0, 100.0, 100.0, 100.0, 100.0, 100.0, 100.0, 100.0, 0.0, 100.0, 100.0, 100.0, 100.0, 100.0, 100.0, 100.0, 100.0, 100.0, 0.0]
DeepNSGA-II Datapoints [100.0, 100.0, 100.0, 100.0, 100.0, 100.0, 100.0, 100.0, 100.0, 0.0, 100.0, 100.0, 100.0, 100.0, 100.0, 100.0, 100.0, 100.0, 100.0, 0.0, 100.0, 100.0, 100.0, 100.0, 100.0, 100.0, 100.0, 100.0, 100.0, 0.0, 100.0, 100.0, 100.0, 100.0, 100.0, 100.0, 100.0, 100.0, 100.0, 0.0]
NSGA-II Datapoints [100.0, 100.0, 100.0, 100.0, 100.0, 100.0, 100.0, 100.0, 100.0, 0.0, 100.0, 100.0, 100.0, 100.0, 100.0, 100.0, 100.0, 100.0, 100.0, 0.0, 100.0, 100.0, 100.0, 100.0, 100.0, 100.0, 100.0, 100.0, 100.0, 0.0, 100.0, 100.0, 100.0, 100.0, 100.0, 100.0, 100.0, 100.0, 100.0, 0.0]
PaiR Avg. 90.0 ## DeepNSGA-II Avg. 90.0 ## NSGA-II Avg. 90.0
PaiR STD. 30.38218101251 ## DeepNSGA-II STD. 30.38218101251 ## NSGA-II STD. 30.38218101251
********************************************************* 
hour: 40
significance (U-test):PaiR / DeepNSGA-II 1.0
significance (U-test):PaiR / NSGA-II 1.0
VDA: PaiR / DeepNSGA-II 0.5
VDA: PaiR / NSGA-II 0.5
PaiR Datapoints [100.0, 100.0, 100.0, 100.0, 100.0, 100.0, 100.0, 100.0, 100.0, 0.0, 100.0, 100.0, 100.0, 100.0, 100.0, 100.0, 100.0, 100.0, 100.0, 0.0, 100.0, 100.0, 100.0, 100.0, 100.0, 100.0, 100.0, 100.0, 100.0, 0.0, 100.0, 100.0, 100.0, 100.0, 100.0, 100.0, 100.0, 100.0, 100.0, 0.0]
DeepNSGA-II Datapoints [100.0, 100.0, 100.0, 100.0, 100.0, 100.0, 100.0, 100.0, 100.0, 0.0, 100.0, 100.0, 100.0, 100.0, 100.0, 100.0, 100.0, 100.0, 100.0, 0.0, 100.0, 100.0, 100.0, 100.0, 100.0, 100.0, 100.0, 100.0, 100.0, 0.0, 100.0, 100.0, 100.0, 100.0, 100.0, 100.0, 100.0, 100.0, 100.0, 0.0]
NSGA-II Datapoints [100.0, 100.0, 100.0, 100.0, 100.0, 100.0, 100.0, 100.0, 100.0, 0.0, 100.0, 100.0, 100.0, 100.0, 100.0, 100.0, 100.0, 100.0, 100.0, 0.0, 100.0, 100.0, 100.0, 100.0, 100.0, 100.0, 100.0, 100.0, 100.0, 0.0, 100.0, 100.0, 100.0, 100.0, 100.0, 100.0, 100.0, 100.0, 100.0, 0.0]
PaiR Avg. 90.0 ## DeepNSGA-II Avg. 90.0 ## NSGA-II Avg. 90.0
PaiR STD. 30.38218101251 ## DeepNSGA-II STD. 30.38218101251 ## NSGA-II STD. 30.38218101251
********************************************************* 
