hour: 1
significance (U-test):PaiR / DeepNSGA-II 1.0
significance (U-test):PaiR / NSGA-II 1.0
VDA: PaiR / DeepNSGA-II 0.5
VDA: PaiR / NSGA-II 0.5
PaiR Datapoints [0.0, 0.0, 0.0, 0.0, 0.0, 0.0, 0.0, 0.0, 0.0, 0.0, 0.0, 0.0, 0.0, 0.0, 0.0, 0.0, 0.0, 0.0, 0.0, 0.0, 0.0, 0.0, 0.0, 0.0, 0.0, 0.0, 0.0, 0.0, 0.0, 0.0, 0.0, 0.0, 0.0, 0.0, 0.0, 0.0, 0.0, 0.0, 0.0, 0.0]
DeepNSGA-II Datapoints [0.0, 0.0, 0.0, 0.0, 0.0, 0.0, 0.0, 0.0, 0.0, 0.0, 0.0, 0.0, 0.0, 0.0, 0.0, 0.0, 0.0, 0.0, 0.0, 0.0, 0.0, 0.0, 0.0, 0.0, 0.0, 0.0, 0.0, 0.0, 0.0, 0.0, 0.0, 0.0, 0.0, 0.0, 0.0, 0.0, 0.0, 0.0, 0.0, 0.0]
NSGA-II Datapoints [0.0, 0.0, 0.0, 0.0, 0.0, 0.0, 0.0, 0.0, 0.0, 0.0, 0.0, 0.0, 0.0, 0.0, 0.0, 0.0, 0.0, 0.0, 0.0, 0.0, 0.0, 0.0, 0.0, 0.0, 0.0, 0.0, 0.0, 0.0, 0.0, 0.0, 0.0, 0.0, 0.0, 0.0, 0.0, 0.0, 0.0, 0.0, 0.0, 0.0]
PaiR Avg. 0.0 ## DeepNSGA-II Avg. 0.0 ## NSGA-II Avg. 0.0
PaiR STD. 0.0 ## DeepNSGA-II STD. 0.0 ## NSGA-II STD. 0.0
********************************************************* 
hour: 2
significance (U-test):PaiR / DeepNSGA-II 3.095974761731606e-14
significance (U-test):PaiR / NSGA-II 0.8202960144698663
VDA: PaiR / DeepNSGA-II 0.95
VDA: PaiR / NSGA-II 0.485
PaiR Datapoints [70.0, 10.0, 20.0, 30.0, 93.33333333333333, 70.0, 30.0, 40.0, 80.0, 0.0, 70.0, 10.0, 20.0, 30.0, 93.33333333333333, 70.0, 30.0, 40.0, 80.0, 0.0, 70.0, 10.0, 20.0, 30.0, 93.33333333333333, 70.0, 30.0, 40.0, 80.0, 0.0, 70.0, 10.0, 20.0, 30.0, 93.33333333333333, 70.0, 30.0, 40.0, 80.0, 0.0]
DeepNSGA-II Datapoints [0.0, 0.0, 0.0, 0.0, 0.0, 0.0, 0.0, 0.0, 0.0, 0.0, 0.0, 0.0, 0.0, 0.0, 0.0, 0.0, 0.0, 0.0, 0.0, 0.0, 0.0, 0.0, 0.0, 0.0, 0.0, 0.0, 0.0, 0.0, 0.0, 0.0, 0.0, 0.0, 0.0, 0.0, 0.0, 0.0, 0.0, 0.0, 0.0, 0.0]
NSGA-II Datapoints [40.0, 32.0, 44.0, 36.0, 56.00000000000001, 44.0, 40.0, 56.00000000000001, 64.0, 0.0, 40.0, 32.0, 44.0, 36.0, 56.00000000000001, 44.0, 40.0, 56.00000000000001, 64.0, 0.0, 40.0, 32.0, 44.0, 36.0, 56.00000000000001, 44.0, 40.0, 56.00000000000001, 64.0, 0.0, 40.0, 32.0, 44.0, 36.0, 56.00000000000001, 44.0, 40.0, 56.00000000000001, 64.0, 0.0]
PaiR Avg. 44.33333333333333 ## DeepNSGA-II Avg. 0.0 ## NSGA-II Avg. 41.2
PaiR STD. 30.64547762958344 ## DeepNSGA-II STD. 0.0 ## NSGA-II STD. 16.9027383610634
********************************************************* 
hour: 3
significance (U-test):PaiR / DeepNSGA-II 1.856358939821365e-14
significance (U-test):PaiR / NSGA-II 0.10290702717208262
VDA: PaiR / DeepNSGA-II 0.95
VDA: PaiR / NSGA-II 0.6050000000000001
PaiR Datapoints [100.0, 50.0, 80.0, 70.0, 100.0, 100.0, 80.0, 100.0, 100.0, 0.0, 100.0, 50.0, 80.0, 70.0, 100.0, 100.0, 80.0, 100.0, 100.0, 0.0, 100.0, 50.0, 80.0, 70.0, 100.0, 100.0, 80.0, 100.0, 100.0, 0.0, 100.0, 50.0, 80.0, 70.0, 100.0, 100.0, 80.0, 100.0, 100.0, 0.0]
DeepNSGA-II Datapoints [0.0, 0.0, 0.0, 0.0, 0.0, 0.0, 0.0, 0.0, 0.0, 0.0, 0.0, 0.0, 0.0, 0.0, 0.0, 0.0, 0.0, 0.0, 0.0, 0.0, 0.0, 0.0, 0.0, 0.0, 0.0, 0.0, 0.0, 0.0, 0.0, 0.0, 0.0, 0.0, 0.0, 0.0, 0.0, 0.0, 0.0, 0.0, 0.0, 0.0]
NSGA-II Datapoints [80.0, 72.0, 92.0, 88.0, 88.0, 96.0, 96.0, 92.0, 64.0, 0.0, 80.0, 72.0, 92.0, 88.0, 88.0, 96.0, 96.0, 92.0, 64.0, 0.0, 80.0, 72.0, 92.0, 88.0, 88.0, 96.0, 96.0, 92.0, 64.0, 0.0, 80.0, 72.0, 92.0, 88.0, 88.0, 96.0, 96.0, 92.0, 64.0, 0.0]
PaiR Avg. 78.0 ## DeepNSGA-II Avg. 0.0 ## NSGA-II Avg. 76.8
PaiR STD. 30.983866769659336 ## DeepNSGA-II STD. 0.0 ## NSGA-II STD. 27.819196471280264
********************************************************* 
hour: 4
significance (U-test):PaiR / DeepNSGA-II 9.427502180259964e-16
significance (U-test):PaiR / NSGA-II 5.420883516865588e-11
VDA: PaiR / DeepNSGA-II 0.95
VDA: PaiR / NSGA-II 0.905
PaiR Datapoints [100.0, 100.0, 100.0, 100.0, 100.0, 100.0, 100.0, 100.0, 100.0, 0.0, 100.0, 100.0, 100.0, 100.0, 100.0, 100.0, 100.0, 100.0, 100.0, 0.0, 100.0, 100.0, 100.0, 100.0, 100.0, 100.0, 100.0, 100.0, 100.0, 0.0, 100.0, 100.0, 100.0, 100.0, 100.0, 100.0, 100.0, 100.0, 100.0, 0.0]
DeepNSGA-II Datapoints [0.0, 0.0, 0.0, 0.0, 0.0, 0.0, 0.0, 0.0, 0.0, 0.0, 0.0, 0.0, 0.0, 0.0, 0.0, 0.0, 0.0, 0.0, 0.0, 0.0, 0.0, 0.0, 0.0, 0.0, 0.0, 0.0, 0.0, 0.0, 0.0, 0.0, 0.0, 0.0, 0.0, 0.0, 0.0, 0.0, 0.0, 0.0, 0.0, 0.0]
NSGA-II Datapoints [80.0, 88.0, 92.0, 92.0, 88.0, 96.0, 96.0, 92.0, 64.0, 0.0, 80.0, 88.0, 92.0, 92.0, 88.0, 96.0, 96.0, 92.0, 64.0, 0.0, 80.0, 88.0, 92.0, 92.0, 88.0, 96.0, 96.0, 92.0, 64.0, 0.0, 80.0, 88.0, 92.0, 92.0, 88.0, 96.0, 96.0, 92.0, 64.0, 0.0]
PaiR Avg. 90.0 ## DeepNSGA-II Avg. 0.0 ## NSGA-II Avg. 78.8
PaiR STD. 30.38218101251 ## DeepNSGA-II STD. 0.0 ## NSGA-II STD. 28.127183675911485
********************************************************* 
hour: 5
significance (U-test):PaiR / DeepNSGA-II 4.066027968934059e-14
significance (U-test):PaiR / NSGA-II 5.420883516865588e-11
VDA: PaiR / DeepNSGA-II 0.925
VDA: PaiR / NSGA-II 0.905
PaiR Datapoints [100.0, 100.0, 100.0, 100.0, 100.0, 100.0, 100.0, 100.0, 100.0, 0.0, 100.0, 100.0, 100.0, 100.0, 100.0, 100.0, 100.0, 100.0, 100.0, 0.0, 100.0, 100.0, 100.0, 100.0, 100.0, 100.0, 100.0, 100.0, 100.0, 0.0, 100.0, 100.0, 100.0, 100.0, 100.0, 100.0, 100.0, 100.0, 100.0, 0.0]
DeepNSGA-II Datapoints [100.0, 100.0, 0.0, 0.0, 0.0, 0.0, 0.0, 0.0, 0.0, 0.0, 0.0, 0.0, 0.0, 0.0, 0.0, 0.0, 0.0, 0.0, 0.0, 0.0, 0.0, 0.0, 0.0, 0.0, 0.0, 0.0, 0.0, 0.0, 0.0, 0.0, 0.0, 0.0, 0.0, 0.0, 0.0, 0.0, 0.0, 0.0, 0.0, 0.0]
NSGA-II Datapoints [80.0, 88.0, 92.0, 92.0, 88.0, 96.0, 96.0, 92.0, 64.0, 0.0, 80.0, 88.0, 92.0, 92.0, 88.0, 96.0, 96.0, 92.0, 64.0, 0.0, 80.0, 88.0, 92.0, 92.0, 88.0, 96.0, 96.0, 92.0, 64.0, 0.0, 80.0, 88.0, 92.0, 92.0, 88.0, 96.0, 96.0, 92.0, 64.0, 0.0]
PaiR Avg. 90.0 ## DeepNSGA-II Avg. 5.0 ## NSGA-II Avg. 78.8
PaiR STD. 30.38218101251 ## DeepNSGA-II STD. 22.072142786315226 ## NSGA-II STD. 28.127183675911485
********************************************************* 
hour: 6
significance (U-test):PaiR / DeepNSGA-II 7.061919626788255e-09
significance (U-test):PaiR / NSGA-II 5.420883516865588e-11
VDA: PaiR / DeepNSGA-II 0.8237500000000001
VDA: PaiR / NSGA-II 0.905
PaiR Datapoints [100.0, 100.0, 100.0, 100.0, 100.0, 100.0, 100.0, 100.0, 100.0, 0.0, 100.0, 100.0, 100.0, 100.0, 100.0, 100.0, 100.0, 100.0, 100.0, 0.0, 100.0, 100.0, 100.0, 100.0, 100.0, 100.0, 100.0, 100.0, 100.0, 0.0, 100.0, 100.0, 100.0, 100.0, 100.0, 100.0, 100.0, 100.0, 100.0, 0.0]
DeepNSGA-II Datapoints [100.0, 100.0, 0.0, 100.0, 0.0, 100.0, 0.0, 0.0, 100.0, 0.0, 0.0, 100.0, 0.0, 100.0, 100.0, 0.0, 0.0, 0.0, 0.0, 0.0, 100.0, 100.0, 0.0, 0.0, 0.0, 0.0, 0.0, 0.0, 0.0, 0.0, 0.0, 88.0, 0.0, 0.0, 0.0, 0.0, 0.0, 0.0, 0.0, 0.0]
NSGA-II Datapoints [80.0, 88.0, 92.0, 92.0, 88.0, 96.0, 96.0, 92.0, 64.0, 0.0, 80.0, 88.0, 92.0, 92.0, 88.0, 96.0, 96.0, 92.0, 64.0, 0.0, 80.0, 88.0, 92.0, 92.0, 88.0, 96.0, 96.0, 92.0, 64.0, 0.0, 80.0, 88.0, 92.0, 92.0, 88.0, 96.0, 96.0, 92.0, 64.0, 0.0]
PaiR Avg. 90.0 ## DeepNSGA-II Avg. 27.2 ## NSGA-II Avg. 78.8
PaiR STD. 30.38218101251 ## DeepNSGA-II STD. 44.76445476330981 ## NSGA-II STD. 28.127183675911485
********************************************************* 
hour: 7
significance (U-test):PaiR / DeepNSGA-II 0.05066103315249448
significance (U-test):PaiR / NSGA-II 5.420883516865588e-11
VDA: PaiR / DeepNSGA-II 0.58625
VDA: PaiR / NSGA-II 0.905
PaiR Datapoints [100.0, 100.0, 100.0, 100.0, 100.0, 100.0, 100.0, 100.0, 100.0, 0.0, 100.0, 100.0, 100.0, 100.0, 100.0, 100.0, 100.0, 100.0, 100.0, 0.0, 100.0, 100.0, 100.0, 100.0, 100.0, 100.0, 100.0, 100.0, 100.0, 0.0, 100.0, 100.0, 100.0, 100.0, 100.0, 100.0, 100.0, 100.0, 100.0, 0.0]
DeepNSGA-II Datapoints [100.0, 100.0, 100.0, 100.0, 100.0, 100.0, 100.0, 100.0, 100.0, 0.0, 100.0, 100.0, 100.0, 100.0, 100.0, 100.0, 100.0, 100.0, 100.0, 0.0, 100.0, 100.0, 100.0, 100.0, 100.0, 0.0, 0.0, 100.0, 100.0, 0.0, 100.0, 88.0, 100.0, 0.0, 0.0, 100.0, 0.0, 0.0, 100.0, 0.0]
NSGA-II Datapoints [80.0, 88.0, 92.0, 92.0, 88.0, 96.0, 96.0, 92.0, 64.0, 0.0, 80.0, 88.0, 92.0, 92.0, 88.0, 96.0, 96.0, 92.0, 64.0, 0.0, 80.0, 88.0, 92.0, 92.0, 88.0, 96.0, 96.0, 92.0, 64.0, 0.0, 80.0, 88.0, 92.0, 92.0, 88.0, 96.0, 96.0, 92.0, 64.0, 0.0]
PaiR Avg. 90.0 ## DeepNSGA-II Avg. 74.7 ## NSGA-II Avg. 78.8
PaiR STD. 30.38218101251 ## DeepNSGA-II STD. 43.71832919602838 ## NSGA-II STD. 28.127183675911485
********************************************************* 
hour: 8
significance (U-test):PaiR / DeepNSGA-II 0.3540841827199219
significance (U-test):PaiR / NSGA-II 5.420883516865588e-11
VDA: PaiR / DeepNSGA-II 0.5362500000000001
VDA: PaiR / NSGA-II 0.905
PaiR Datapoints [100.0, 100.0, 100.0, 100.0, 100.0, 100.0, 100.0, 100.0, 100.0, 0.0, 100.0, 100.0, 100.0, 100.0, 100.0, 100.0, 100.0, 100.0, 100.0, 0.0, 100.0, 100.0, 100.0, 100.0, 100.0, 100.0, 100.0, 100.0, 100.0, 0.0, 100.0, 100.0, 100.0, 100.0, 100.0, 100.0, 100.0, 100.0, 100.0, 0.0]
DeepNSGA-II Datapoints [100.0, 100.0, 100.0, 100.0, 100.0, 100.0, 100.0, 100.0, 100.0, 0.0, 100.0, 100.0, 100.0, 100.0, 100.0, 100.0, 100.0, 100.0, 100.0, 0.0, 100.0, 100.0, 100.0, 100.0, 100.0, 100.0, 100.0, 100.0, 100.0, 0.0, 100.0, 88.0, 100.0, 0.0, 100.0, 100.0, 0.0, 100.0, 100.0, 0.0]
NSGA-II Datapoints [80.0, 88.0, 92.0, 92.0, 88.0, 96.0, 96.0, 92.0, 64.0, 0.0, 80.0, 88.0, 92.0, 92.0, 88.0, 96.0, 96.0, 92.0, 64.0, 0.0, 80.0, 88.0, 92.0, 92.0, 88.0, 96.0, 96.0, 92.0, 64.0, 0.0, 80.0, 88.0, 92.0, 92.0, 88.0, 96.0, 96.0, 92.0, 64.0, 0.0]
PaiR Avg. 90.0 ## DeepNSGA-II Avg. 84.7 ## NSGA-II Avg. 78.8
PaiR STD. 30.38218101251 ## DeepNSGA-II STD. 36.08408982448551 ## NSGA-II STD. 28.127183675911485
********************************************************* 
hour: 9
significance (U-test):PaiR / DeepNSGA-II 0.7585056993176076
significance (U-test):PaiR / NSGA-II 5.420883516865588e-11
VDA: PaiR / DeepNSGA-II 0.5112500000000001
VDA: PaiR / NSGA-II 0.905
PaiR Datapoints [100.0, 100.0, 100.0, 100.0, 100.0, 100.0, 100.0, 100.0, 100.0, 0.0, 100.0, 100.0, 100.0, 100.0, 100.0, 100.0, 100.0, 100.0, 100.0, 0.0, 100.0, 100.0, 100.0, 100.0, 100.0, 100.0, 100.0, 100.0, 100.0, 0.0, 100.0, 100.0, 100.0, 100.0, 100.0, 100.0, 100.0, 100.0, 100.0, 0.0]
DeepNSGA-II Datapoints [100.0, 100.0, 100.0, 100.0, 100.0, 100.0, 100.0, 100.0, 100.0, 0.0, 100.0, 100.0, 100.0, 100.0, 100.0, 100.0, 100.0, 100.0, 100.0, 0.0, 100.0, 100.0, 100.0, 100.0, 100.0, 100.0, 100.0, 100.0, 100.0, 0.0, 100.0, 88.0, 100.0, 100.0, 100.0, 100.0, 100.0, 100.0, 100.0, 0.0]
NSGA-II Datapoints [80.0, 88.0, 92.0, 92.0, 88.0, 96.0, 96.0, 92.0, 64.0, 0.0, 80.0, 88.0, 92.0, 92.0, 88.0, 96.0, 96.0, 92.0, 64.0, 0.0, 80.0, 88.0, 92.0, 92.0, 88.0, 96.0, 96.0, 92.0, 64.0, 0.0, 80.0, 88.0, 92.0, 92.0, 88.0, 96.0, 96.0, 92.0, 64.0, 0.0]
PaiR Avg. 90.0 ## DeepNSGA-II Avg. 89.7 ## NSGA-II Avg. 78.8
PaiR STD. 30.38218101251 ## DeepNSGA-II STD. 30.340123218653495 ## NSGA-II STD. 28.127183675911485
********************************************************* 
hour: 10
significance (U-test):PaiR / DeepNSGA-II 1.0
significance (U-test):PaiR / NSGA-II 5.420883516865588e-11
VDA: PaiR / DeepNSGA-II 0.5
VDA: PaiR / NSGA-II 0.905
PaiR Datapoints [100.0, 100.0, 100.0, 100.0, 100.0, 100.0, 100.0, 100.0, 100.0, 0.0, 100.0, 100.0, 100.0, 100.0, 100.0, 100.0, 100.0, 100.0, 100.0, 0.0, 100.0, 100.0, 100.0, 100.0, 100.0, 100.0, 100.0, 100.0, 100.0, 0.0, 100.0, 100.0, 100.0, 100.0, 100.0, 100.0, 100.0, 100.0, 100.0, 0.0]
DeepNSGA-II Datapoints [100.0, 100.0, 100.0, 100.0, 100.0, 100.0, 100.0, 100.0, 100.0, 0.0, 100.0, 100.0, 100.0, 100.0, 100.0, 100.0, 100.0, 100.0, 100.0, 0.0, 100.0, 100.0, 100.0, 100.0, 100.0, 100.0, 100.0, 100.0, 100.0, 0.0, 100.0, 100.0, 100.0, 100.0, 100.0, 100.0, 100.0, 100.0, 100.0, 0.0]
NSGA-II Datapoints [80.0, 88.0, 92.0, 92.0, 88.0, 96.0, 96.0, 92.0, 64.0, 0.0, 80.0, 88.0, 92.0, 92.0, 88.0, 96.0, 96.0, 92.0, 64.0, 0.0, 80.0, 88.0, 92.0, 92.0, 88.0, 96.0, 96.0, 92.0, 64.0, 0.0, 80.0, 88.0, 92.0, 92.0, 88.0, 96.0, 96.0, 92.0, 64.0, 0.0]
PaiR Avg. 90.0 ## DeepNSGA-II Avg. 90.0 ## NSGA-II Avg. 78.8
PaiR STD. 30.38218101251 ## DeepNSGA-II STD. 30.38218101251 ## NSGA-II STD. 28.127183675911485
********************************************************* 
hour: 11
significance (U-test):PaiR / DeepNSGA-II 1.0
significance (U-test):PaiR / NSGA-II 5.420883516865588e-11
VDA: PaiR / DeepNSGA-II 0.5
VDA: PaiR / NSGA-II 0.905
PaiR Datapoints [100.0, 100.0, 100.0, 100.0, 100.0, 100.0, 100.0, 100.0, 100.0, 0.0, 100.0, 100.0, 100.0, 100.0, 100.0, 100.0, 100.0, 100.0, 100.0, 0.0, 100.0, 100.0, 100.0, 100.0, 100.0, 100.0, 100.0, 100.0, 100.0, 0.0, 100.0, 100.0, 100.0, 100.0, 100.0, 100.0, 100.0, 100.0, 100.0, 0.0]
DeepNSGA-II Datapoints [100.0, 100.0, 100.0, 100.0, 100.0, 100.0, 100.0, 100.0, 100.0, 0.0, 100.0, 100.0, 100.0, 100.0, 100.0, 100.0, 100.0, 100.0, 100.0, 0.0, 100.0, 100.0, 100.0, 100.0, 100.0, 100.0, 100.0, 100.0, 100.0, 0.0, 100.0, 100.0, 100.0, 100.0, 100.0, 100.0, 100.0, 100.0, 100.0, 0.0]
NSGA-II Datapoints [80.0, 88.0, 92.0, 92.0, 88.0, 96.0, 96.0, 92.0, 64.0, 0.0, 80.0, 88.0, 92.0, 92.0, 88.0, 96.0, 96.0, 92.0, 64.0, 0.0, 80.0, 88.0, 92.0, 92.0, 88.0, 96.0, 96.0, 92.0, 64.0, 0.0, 80.0, 88.0, 92.0, 92.0, 88.0, 96.0, 96.0, 92.0, 64.0, 0.0]
PaiR Avg. 90.0 ## DeepNSGA-II Avg. 90.0 ## NSGA-II Avg. 78.8
PaiR STD. 30.38218101251 ## DeepNSGA-II STD. 30.38218101251 ## NSGA-II STD. 28.127183675911485
********************************************************* 
hour: 12
significance (U-test):PaiR / DeepNSGA-II 1.0
significance (U-test):PaiR / NSGA-II 5.420883516865588e-11
VDA: PaiR / DeepNSGA-II 0.5
VDA: PaiR / NSGA-II 0.905
PaiR Datapoints [100.0, 100.0, 100.0, 100.0, 100.0, 100.0, 100.0, 100.0, 100.0, 0.0, 100.0, 100.0, 100.0, 100.0, 100.0, 100.0, 100.0, 100.0, 100.0, 0.0, 100.0, 100.0, 100.0, 100.0, 100.0, 100.0, 100.0, 100.0, 100.0, 0.0, 100.0, 100.0, 100.0, 100.0, 100.0, 100.0, 100.0, 100.0, 100.0, 0.0]
DeepNSGA-II Datapoints [100.0, 100.0, 100.0, 100.0, 100.0, 100.0, 100.0, 100.0, 100.0, 0.0, 100.0, 100.0, 100.0, 100.0, 100.0, 100.0, 100.0, 100.0, 100.0, 0.0, 100.0, 100.0, 100.0, 100.0, 100.0, 100.0, 100.0, 100.0, 100.0, 0.0, 100.0, 100.0, 100.0, 100.0, 100.0, 100.0, 100.0, 100.0, 100.0, 0.0]
NSGA-II Datapoints [80.0, 88.0, 92.0, 92.0, 88.0, 96.0, 96.0, 92.0, 64.0, 0.0, 80.0, 88.0, 92.0, 92.0, 88.0, 96.0, 96.0, 92.0, 64.0, 0.0, 80.0, 88.0, 92.0, 92.0, 88.0, 96.0, 96.0, 92.0, 64.0, 0.0, 80.0, 88.0, 92.0, 92.0, 88.0, 96.0, 96.0, 92.0, 64.0, 0.0]
PaiR Avg. 90.0 ## DeepNSGA-II Avg. 90.0 ## NSGA-II Avg. 78.8
PaiR STD. 30.38218101251 ## DeepNSGA-II STD. 30.38218101251 ## NSGA-II STD. 28.127183675911485
********************************************************* 
hour: 13
significance (U-test):PaiR / DeepNSGA-II 1.0
significance (U-test):PaiR / NSGA-II 5.420883516865588e-11
VDA: PaiR / DeepNSGA-II 0.5
VDA: PaiR / NSGA-II 0.905
PaiR Datapoints [100.0, 100.0, 100.0, 100.0, 100.0, 100.0, 100.0, 100.0, 100.0, 0.0, 100.0, 100.0, 100.0, 100.0, 100.0, 100.0, 100.0, 100.0, 100.0, 0.0, 100.0, 100.0, 100.0, 100.0, 100.0, 100.0, 100.0, 100.0, 100.0, 0.0, 100.0, 100.0, 100.0, 100.0, 100.0, 100.0, 100.0, 100.0, 100.0, 0.0]
DeepNSGA-II Datapoints [100.0, 100.0, 100.0, 100.0, 100.0, 100.0, 100.0, 100.0, 100.0, 0.0, 100.0, 100.0, 100.0, 100.0, 100.0, 100.0, 100.0, 100.0, 100.0, 0.0, 100.0, 100.0, 100.0, 100.0, 100.0, 100.0, 100.0, 100.0, 100.0, 0.0, 100.0, 100.0, 100.0, 100.0, 100.0, 100.0, 100.0, 100.0, 100.0, 0.0]
NSGA-II Datapoints [80.0, 88.0, 92.0, 92.0, 88.0, 96.0, 96.0, 92.0, 64.0, 0.0, 80.0, 88.0, 92.0, 92.0, 88.0, 96.0, 96.0, 92.0, 64.0, 0.0, 80.0, 88.0, 92.0, 92.0, 88.0, 96.0, 96.0, 92.0, 64.0, 0.0, 80.0, 88.0, 92.0, 92.0, 88.0, 96.0, 96.0, 92.0, 64.0, 0.0]
PaiR Avg. 90.0 ## DeepNSGA-II Avg. 90.0 ## NSGA-II Avg. 78.8
PaiR STD. 30.38218101251 ## DeepNSGA-II STD. 30.38218101251 ## NSGA-II STD. 28.127183675911485
********************************************************* 
hour: 14
significance (U-test):PaiR / DeepNSGA-II 1.0
significance (U-test):PaiR / NSGA-II 5.420883516865588e-11
VDA: PaiR / DeepNSGA-II 0.5
VDA: PaiR / NSGA-II 0.905
PaiR Datapoints [100.0, 100.0, 100.0, 100.0, 100.0, 100.0, 100.0, 100.0, 100.0, 0.0, 100.0, 100.0, 100.0, 100.0, 100.0, 100.0, 100.0, 100.0, 100.0, 0.0, 100.0, 100.0, 100.0, 100.0, 100.0, 100.0, 100.0, 100.0, 100.0, 0.0, 100.0, 100.0, 100.0, 100.0, 100.0, 100.0, 100.0, 100.0, 100.0, 0.0]
DeepNSGA-II Datapoints [100.0, 100.0, 100.0, 100.0, 100.0, 100.0, 100.0, 100.0, 100.0, 0.0, 100.0, 100.0, 100.0, 100.0, 100.0, 100.0, 100.0, 100.0, 100.0, 0.0, 100.0, 100.0, 100.0, 100.0, 100.0, 100.0, 100.0, 100.0, 100.0, 0.0, 100.0, 100.0, 100.0, 100.0, 100.0, 100.0, 100.0, 100.0, 100.0, 0.0]
NSGA-II Datapoints [80.0, 88.0, 92.0, 92.0, 88.0, 96.0, 96.0, 92.0, 64.0, 0.0, 80.0, 88.0, 92.0, 92.0, 88.0, 96.0, 96.0, 92.0, 64.0, 0.0, 80.0, 88.0, 92.0, 92.0, 88.0, 96.0, 96.0, 92.0, 64.0, 0.0, 80.0, 88.0, 92.0, 92.0, 88.0, 96.0, 96.0, 92.0, 64.0, 0.0]
PaiR Avg. 90.0 ## DeepNSGA-II Avg. 90.0 ## NSGA-II Avg. 78.8
PaiR STD. 30.38218101251 ## DeepNSGA-II STD. 30.38218101251 ## NSGA-II STD. 28.127183675911485
********************************************************* 
hour: 15
significance (U-test):PaiR / DeepNSGA-II 1.0
significance (U-test):PaiR / NSGA-II 5.420883516865588e-11
VDA: PaiR / DeepNSGA-II 0.5
VDA: PaiR / NSGA-II 0.905
PaiR Datapoints [100.0, 100.0, 100.0, 100.0, 100.0, 100.0, 100.0, 100.0, 100.0, 0.0, 100.0, 100.0, 100.0, 100.0, 100.0, 100.0, 100.0, 100.0, 100.0, 0.0, 100.0, 100.0, 100.0, 100.0, 100.0, 100.0, 100.0, 100.0, 100.0, 0.0, 100.0, 100.0, 100.0, 100.0, 100.0, 100.0, 100.0, 100.0, 100.0, 0.0]
DeepNSGA-II Datapoints [100.0, 100.0, 100.0, 100.0, 100.0, 100.0, 100.0, 100.0, 100.0, 0.0, 100.0, 100.0, 100.0, 100.0, 100.0, 100.0, 100.0, 100.0, 100.0, 0.0, 100.0, 100.0, 100.0, 100.0, 100.0, 100.0, 100.0, 100.0, 100.0, 0.0, 100.0, 100.0, 100.0, 100.0, 100.0, 100.0, 100.0, 100.0, 100.0, 0.0]
NSGA-II Datapoints [80.0, 88.0, 92.0, 92.0, 88.0, 96.0, 96.0, 92.0, 64.0, 0.0, 80.0, 88.0, 92.0, 92.0, 88.0, 96.0, 96.0, 92.0, 64.0, 0.0, 80.0, 88.0, 92.0, 92.0, 88.0, 96.0, 96.0, 92.0, 64.0, 0.0, 80.0, 88.0, 92.0, 92.0, 88.0, 96.0, 96.0, 92.0, 64.0, 0.0]
PaiR Avg. 90.0 ## DeepNSGA-II Avg. 90.0 ## NSGA-II Avg. 78.8
PaiR STD. 30.38218101251 ## DeepNSGA-II STD. 30.38218101251 ## NSGA-II STD. 28.127183675911485
********************************************************* 
hour: 16
significance (U-test):PaiR / DeepNSGA-II 1.0
significance (U-test):PaiR / NSGA-II 5.420883516865588e-11
VDA: PaiR / DeepNSGA-II 0.5
VDA: PaiR / NSGA-II 0.905
PaiR Datapoints [100.0, 100.0, 100.0, 100.0, 100.0, 100.0, 100.0, 100.0, 100.0, 0.0, 100.0, 100.0, 100.0, 100.0, 100.0, 100.0, 100.0, 100.0, 100.0, 0.0, 100.0, 100.0, 100.0, 100.0, 100.0, 100.0, 100.0, 100.0, 100.0, 0.0, 100.0, 100.0, 100.0, 100.0, 100.0, 100.0, 100.0, 100.0, 100.0, 0.0]
DeepNSGA-II Datapoints [100.0, 100.0, 100.0, 100.0, 100.0, 100.0, 100.0, 100.0, 100.0, 0.0, 100.0, 100.0, 100.0, 100.0, 100.0, 100.0, 100.0, 100.0, 100.0, 0.0, 100.0, 100.0, 100.0, 100.0, 100.0, 100.0, 100.0, 100.0, 100.0, 0.0, 100.0, 100.0, 100.0, 100.0, 100.0, 100.0, 100.0, 100.0, 100.0, 0.0]
NSGA-II Datapoints [80.0, 88.0, 92.0, 92.0, 88.0, 96.0, 96.0, 92.0, 64.0, 0.0, 80.0, 88.0, 92.0, 92.0, 88.0, 96.0, 96.0, 92.0, 64.0, 0.0, 80.0, 88.0, 92.0, 92.0, 88.0, 96.0, 96.0, 92.0, 64.0, 0.0, 80.0, 88.0, 92.0, 92.0, 88.0, 96.0, 96.0, 92.0, 64.0, 0.0]
PaiR Avg. 90.0 ## DeepNSGA-II Avg. 90.0 ## NSGA-II Avg. 78.8
PaiR STD. 30.38218101251 ## DeepNSGA-II STD. 30.38218101251 ## NSGA-II STD. 28.127183675911485
********************************************************* 
hour: 17
significance (U-test):PaiR / DeepNSGA-II 1.0
significance (U-test):PaiR / NSGA-II 5.420883516865588e-11
VDA: PaiR / DeepNSGA-II 0.5
VDA: PaiR / NSGA-II 0.905
PaiR Datapoints [100.0, 100.0, 100.0, 100.0, 100.0, 100.0, 100.0, 100.0, 100.0, 0.0, 100.0, 100.0, 100.0, 100.0, 100.0, 100.0, 100.0, 100.0, 100.0, 0.0, 100.0, 100.0, 100.0, 100.0, 100.0, 100.0, 100.0, 100.0, 100.0, 0.0, 100.0, 100.0, 100.0, 100.0, 100.0, 100.0, 100.0, 100.0, 100.0, 0.0]
DeepNSGA-II Datapoints [100.0, 100.0, 100.0, 100.0, 100.0, 100.0, 100.0, 100.0, 100.0, 0.0, 100.0, 100.0, 100.0, 100.0, 100.0, 100.0, 100.0, 100.0, 100.0, 0.0, 100.0, 100.0, 100.0, 100.0, 100.0, 100.0, 100.0, 100.0, 100.0, 0.0, 100.0, 100.0, 100.0, 100.0, 100.0, 100.0, 100.0, 100.0, 100.0, 0.0]
NSGA-II Datapoints [80.0, 88.0, 92.0, 92.0, 88.0, 96.0, 96.0, 92.0, 64.0, 0.0, 80.0, 88.0, 92.0, 92.0, 88.0, 96.0, 96.0, 92.0, 64.0, 0.0, 80.0, 88.0, 92.0, 92.0, 88.0, 96.0, 96.0, 92.0, 64.0, 0.0, 80.0, 88.0, 92.0, 92.0, 88.0, 96.0, 96.0, 92.0, 64.0, 0.0]
PaiR Avg. 90.0 ## DeepNSGA-II Avg. 90.0 ## NSGA-II Avg. 78.8
PaiR STD. 30.38218101251 ## DeepNSGA-II STD. 30.38218101251 ## NSGA-II STD. 28.127183675911485
********************************************************* 
hour: 18
significance (U-test):PaiR / DeepNSGA-II 1.0
significance (U-test):PaiR / NSGA-II 5.420883516865588e-11
VDA: PaiR / DeepNSGA-II 0.5
VDA: PaiR / NSGA-II 0.905
PaiR Datapoints [100.0, 100.0, 100.0, 100.0, 100.0, 100.0, 100.0, 100.0, 100.0, 0.0, 100.0, 100.0, 100.0, 100.0, 100.0, 100.0, 100.0, 100.0, 100.0, 0.0, 100.0, 100.0, 100.0, 100.0, 100.0, 100.0, 100.0, 100.0, 100.0, 0.0, 100.0, 100.0, 100.0, 100.0, 100.0, 100.0, 100.0, 100.0, 100.0, 0.0]
DeepNSGA-II Datapoints [100.0, 100.0, 100.0, 100.0, 100.0, 100.0, 100.0, 100.0, 100.0, 0.0, 100.0, 100.0, 100.0, 100.0, 100.0, 100.0, 100.0, 100.0, 100.0, 0.0, 100.0, 100.0, 100.0, 100.0, 100.0, 100.0, 100.0, 100.0, 100.0, 0.0, 100.0, 100.0, 100.0, 100.0, 100.0, 100.0, 100.0, 100.0, 100.0, 0.0]
NSGA-II Datapoints [80.0, 88.0, 92.0, 92.0, 88.0, 96.0, 96.0, 92.0, 64.0, 0.0, 80.0, 88.0, 92.0, 92.0, 88.0, 96.0, 96.0, 92.0, 64.0, 0.0, 80.0, 88.0, 92.0, 92.0, 88.0, 96.0, 96.0, 92.0, 64.0, 0.0, 80.0, 88.0, 92.0, 92.0, 88.0, 96.0, 96.0, 92.0, 64.0, 0.0]
PaiR Avg. 90.0 ## DeepNSGA-II Avg. 90.0 ## NSGA-II Avg. 78.8
PaiR STD. 30.38218101251 ## DeepNSGA-II STD. 30.38218101251 ## NSGA-II STD. 28.127183675911485
********************************************************* 
hour: 19
significance (U-test):PaiR / DeepNSGA-II 1.0
significance (U-test):PaiR / NSGA-II 5.420883516865588e-11
VDA: PaiR / DeepNSGA-II 0.5
VDA: PaiR / NSGA-II 0.905
PaiR Datapoints [100.0, 100.0, 100.0, 100.0, 100.0, 100.0, 100.0, 100.0, 100.0, 0.0, 100.0, 100.0, 100.0, 100.0, 100.0, 100.0, 100.0, 100.0, 100.0, 0.0, 100.0, 100.0, 100.0, 100.0, 100.0, 100.0, 100.0, 100.0, 100.0, 0.0, 100.0, 100.0, 100.0, 100.0, 100.0, 100.0, 100.0, 100.0, 100.0, 0.0]
DeepNSGA-II Datapoints [100.0, 100.0, 100.0, 100.0, 100.0, 100.0, 100.0, 100.0, 100.0, 0.0, 100.0, 100.0, 100.0, 100.0, 100.0, 100.0, 100.0, 100.0, 100.0, 0.0, 100.0, 100.0, 100.0, 100.0, 100.0, 100.0, 100.0, 100.0, 100.0, 0.0, 100.0, 100.0, 100.0, 100.0, 100.0, 100.0, 100.0, 100.0, 100.0, 0.0]
NSGA-II Datapoints [80.0, 88.0, 92.0, 92.0, 88.0, 96.0, 96.0, 92.0, 64.0, 0.0, 80.0, 88.0, 92.0, 92.0, 88.0, 96.0, 96.0, 92.0, 64.0, 0.0, 80.0, 88.0, 92.0, 92.0, 88.0, 96.0, 96.0, 92.0, 64.0, 0.0, 80.0, 88.0, 92.0, 92.0, 88.0, 96.0, 96.0, 92.0, 64.0, 0.0]
PaiR Avg. 90.0 ## DeepNSGA-II Avg. 90.0 ## NSGA-II Avg. 78.8
PaiR STD. 30.38218101251 ## DeepNSGA-II STD. 30.38218101251 ## NSGA-II STD. 28.127183675911485
********************************************************* 
hour: 20
significance (U-test):PaiR / DeepNSGA-II 1.0
significance (U-test):PaiR / NSGA-II 5.420883516865588e-11
VDA: PaiR / DeepNSGA-II 0.5
VDA: PaiR / NSGA-II 0.905
PaiR Datapoints [100.0, 100.0, 100.0, 100.0, 100.0, 100.0, 100.0, 100.0, 100.0, 0.0, 100.0, 100.0, 100.0, 100.0, 100.0, 100.0, 100.0, 100.0, 100.0, 0.0, 100.0, 100.0, 100.0, 100.0, 100.0, 100.0, 100.0, 100.0, 100.0, 0.0, 100.0, 100.0, 100.0, 100.0, 100.0, 100.0, 100.0, 100.0, 100.0, 0.0]
DeepNSGA-II Datapoints [100.0, 100.0, 100.0, 100.0, 100.0, 100.0, 100.0, 100.0, 100.0, 0.0, 100.0, 100.0, 100.0, 100.0, 100.0, 100.0, 100.0, 100.0, 100.0, 0.0, 100.0, 100.0, 100.0, 100.0, 100.0, 100.0, 100.0, 100.0, 100.0, 0.0, 100.0, 100.0, 100.0, 100.0, 100.0, 100.0, 100.0, 100.0, 100.0, 0.0]
NSGA-II Datapoints [80.0, 88.0, 92.0, 92.0, 88.0, 96.0, 96.0, 92.0, 64.0, 0.0, 80.0, 88.0, 92.0, 92.0, 88.0, 96.0, 96.0, 92.0, 64.0, 0.0, 80.0, 88.0, 92.0, 92.0, 88.0, 96.0, 96.0, 92.0, 64.0, 0.0, 80.0, 88.0, 92.0, 92.0, 88.0, 96.0, 96.0, 92.0, 64.0, 0.0]
PaiR Avg. 90.0 ## DeepNSGA-II Avg. 90.0 ## NSGA-II Avg. 78.8
PaiR STD. 30.38218101251 ## DeepNSGA-II STD. 30.38218101251 ## NSGA-II STD. 28.127183675911485
********************************************************* 
hour: 21
significance (U-test):PaiR / DeepNSGA-II 1.0
significance (U-test):PaiR / NSGA-II 5.420883516865588e-11
VDA: PaiR / DeepNSGA-II 0.5
VDA: PaiR / NSGA-II 0.905
PaiR Datapoints [100.0, 100.0, 100.0, 100.0, 100.0, 100.0, 100.0, 100.0, 100.0, 0.0, 100.0, 100.0, 100.0, 100.0, 100.0, 100.0, 100.0, 100.0, 100.0, 0.0, 100.0, 100.0, 100.0, 100.0, 100.0, 100.0, 100.0, 100.0, 100.0, 0.0, 100.0, 100.0, 100.0, 100.0, 100.0, 100.0, 100.0, 100.0, 100.0, 0.0]
DeepNSGA-II Datapoints [100.0, 100.0, 100.0, 100.0, 100.0, 100.0, 100.0, 100.0, 100.0, 0.0, 100.0, 100.0, 100.0, 100.0, 100.0, 100.0, 100.0, 100.0, 100.0, 0.0, 100.0, 100.0, 100.0, 100.0, 100.0, 100.0, 100.0, 100.0, 100.0, 0.0, 100.0, 100.0, 100.0, 100.0, 100.0, 100.0, 100.0, 100.0, 100.0, 0.0]
NSGA-II Datapoints [80.0, 88.0, 92.0, 92.0, 88.0, 96.0, 96.0, 92.0, 64.0, 0.0, 80.0, 88.0, 92.0, 92.0, 88.0, 96.0, 96.0, 92.0, 64.0, 0.0, 80.0, 88.0, 92.0, 92.0, 88.0, 96.0, 96.0, 92.0, 64.0, 0.0, 80.0, 88.0, 92.0, 92.0, 88.0, 96.0, 96.0, 92.0, 64.0, 0.0]
PaiR Avg. 90.0 ## DeepNSGA-II Avg. 90.0 ## NSGA-II Avg. 78.8
PaiR STD. 30.38218101251 ## DeepNSGA-II STD. 30.38218101251 ## NSGA-II STD. 28.127183675911485
********************************************************* 
hour: 22
significance (U-test):PaiR / DeepNSGA-II 1.0
significance (U-test):PaiR / NSGA-II 5.420883516865588e-11
VDA: PaiR / DeepNSGA-II 0.5
VDA: PaiR / NSGA-II 0.905
PaiR Datapoints [100.0, 100.0, 100.0, 100.0, 100.0, 100.0, 100.0, 100.0, 100.0, 0.0, 100.0, 100.0, 100.0, 100.0, 100.0, 100.0, 100.0, 100.0, 100.0, 0.0, 100.0, 100.0, 100.0, 100.0, 100.0, 100.0, 100.0, 100.0, 100.0, 0.0, 100.0, 100.0, 100.0, 100.0, 100.0, 100.0, 100.0, 100.0, 100.0, 0.0]
DeepNSGA-II Datapoints [100.0, 100.0, 100.0, 100.0, 100.0, 100.0, 100.0, 100.0, 100.0, 0.0, 100.0, 100.0, 100.0, 100.0, 100.0, 100.0, 100.0, 100.0, 100.0, 0.0, 100.0, 100.0, 100.0, 100.0, 100.0, 100.0, 100.0, 100.0, 100.0, 0.0, 100.0, 100.0, 100.0, 100.0, 100.0, 100.0, 100.0, 100.0, 100.0, 0.0]
NSGA-II Datapoints [80.0, 88.0, 92.0, 92.0, 88.0, 96.0, 96.0, 92.0, 64.0, 0.0, 80.0, 88.0, 92.0, 92.0, 88.0, 96.0, 96.0, 92.0, 64.0, 0.0, 80.0, 88.0, 92.0, 92.0, 88.0, 96.0, 96.0, 92.0, 64.0, 0.0, 80.0, 88.0, 92.0, 92.0, 88.0, 96.0, 96.0, 92.0, 64.0, 0.0]
PaiR Avg. 90.0 ## DeepNSGA-II Avg. 90.0 ## NSGA-II Avg. 78.8
PaiR STD. 30.38218101251 ## DeepNSGA-II STD. 30.38218101251 ## NSGA-II STD. 28.127183675911485
********************************************************* 
hour: 23
significance (U-test):PaiR / DeepNSGA-II 1.0
significance (U-test):PaiR / NSGA-II 5.420883516865588e-11
VDA: PaiR / DeepNSGA-II 0.5
VDA: PaiR / NSGA-II 0.905
PaiR Datapoints [100.0, 100.0, 100.0, 100.0, 100.0, 100.0, 100.0, 100.0, 100.0, 0.0, 100.0, 100.0, 100.0, 100.0, 100.0, 100.0, 100.0, 100.0, 100.0, 0.0, 100.0, 100.0, 100.0, 100.0, 100.0, 100.0, 100.0, 100.0, 100.0, 0.0, 100.0, 100.0, 100.0, 100.0, 100.0, 100.0, 100.0, 100.0, 100.0, 0.0]
DeepNSGA-II Datapoints [100.0, 100.0, 100.0, 100.0, 100.0, 100.0, 100.0, 100.0, 100.0, 0.0, 100.0, 100.0, 100.0, 100.0, 100.0, 100.0, 100.0, 100.0, 100.0, 0.0, 100.0, 100.0, 100.0, 100.0, 100.0, 100.0, 100.0, 100.0, 100.0, 0.0, 100.0, 100.0, 100.0, 100.0, 100.0, 100.0, 100.0, 100.0, 100.0, 0.0]
NSGA-II Datapoints [80.0, 88.0, 92.0, 92.0, 88.0, 96.0, 96.0, 92.0, 64.0, 0.0, 80.0, 88.0, 92.0, 92.0, 88.0, 96.0, 96.0, 92.0, 64.0, 0.0, 80.0, 88.0, 92.0, 92.0, 88.0, 96.0, 96.0, 92.0, 64.0, 0.0, 80.0, 88.0, 92.0, 92.0, 88.0, 96.0, 96.0, 92.0, 64.0, 0.0]
PaiR Avg. 90.0 ## DeepNSGA-II Avg. 90.0 ## NSGA-II Avg. 78.8
PaiR STD. 30.38218101251 ## DeepNSGA-II STD. 30.38218101251 ## NSGA-II STD. 28.127183675911485
********************************************************* 
hour: 24
significance (U-test):PaiR / DeepNSGA-II 1.0
significance (U-test):PaiR / NSGA-II 5.420883516865588e-11
VDA: PaiR / DeepNSGA-II 0.5
VDA: PaiR / NSGA-II 0.905
PaiR Datapoints [100.0, 100.0, 100.0, 100.0, 100.0, 100.0, 100.0, 100.0, 100.0, 0.0, 100.0, 100.0, 100.0, 100.0, 100.0, 100.0, 100.0, 100.0, 100.0, 0.0, 100.0, 100.0, 100.0, 100.0, 100.0, 100.0, 100.0, 100.0, 100.0, 0.0, 100.0, 100.0, 100.0, 100.0, 100.0, 100.0, 100.0, 100.0, 100.0, 0.0]
DeepNSGA-II Datapoints [100.0, 100.0, 100.0, 100.0, 100.0, 100.0, 100.0, 100.0, 100.0, 0.0, 100.0, 100.0, 100.0, 100.0, 100.0, 100.0, 100.0, 100.0, 100.0, 0.0, 100.0, 100.0, 100.0, 100.0, 100.0, 100.0, 100.0, 100.0, 100.0, 0.0, 100.0, 100.0, 100.0, 100.0, 100.0, 100.0, 100.0, 100.0, 100.0, 0.0]
NSGA-II Datapoints [80.0, 88.0, 92.0, 92.0, 88.0, 96.0, 96.0, 92.0, 64.0, 0.0, 80.0, 88.0, 92.0, 92.0, 88.0, 96.0, 96.0, 92.0, 64.0, 0.0, 80.0, 88.0, 92.0, 92.0, 88.0, 96.0, 96.0, 92.0, 64.0, 0.0, 80.0, 88.0, 92.0, 92.0, 88.0, 96.0, 96.0, 92.0, 64.0, 0.0]
PaiR Avg. 90.0 ## DeepNSGA-II Avg. 90.0 ## NSGA-II Avg. 78.8
PaiR STD. 30.38218101251 ## DeepNSGA-II STD. 30.38218101251 ## NSGA-II STD. 28.127183675911485
********************************************************* 
hour: 25
significance (U-test):PaiR / DeepNSGA-II 1.0
significance (U-test):PaiR / NSGA-II 5.420883516865588e-11
VDA: PaiR / DeepNSGA-II 0.5
VDA: PaiR / NSGA-II 0.905
PaiR Datapoints [100.0, 100.0, 100.0, 100.0, 100.0, 100.0, 100.0, 100.0, 100.0, 0.0, 100.0, 100.0, 100.0, 100.0, 100.0, 100.0, 100.0, 100.0, 100.0, 0.0, 100.0, 100.0, 100.0, 100.0, 100.0, 100.0, 100.0, 100.0, 100.0, 0.0, 100.0, 100.0, 100.0, 100.0, 100.0, 100.0, 100.0, 100.0, 100.0, 0.0]
DeepNSGA-II Datapoints [100.0, 100.0, 100.0, 100.0, 100.0, 100.0, 100.0, 100.0, 100.0, 0.0, 100.0, 100.0, 100.0, 100.0, 100.0, 100.0, 100.0, 100.0, 100.0, 0.0, 100.0, 100.0, 100.0, 100.0, 100.0, 100.0, 100.0, 100.0, 100.0, 0.0, 100.0, 100.0, 100.0, 100.0, 100.0, 100.0, 100.0, 100.0, 100.0, 0.0]
NSGA-II Datapoints [80.0, 88.0, 92.0, 92.0, 88.0, 96.0, 96.0, 92.0, 64.0, 0.0, 80.0, 88.0, 92.0, 92.0, 88.0, 96.0, 96.0, 92.0, 64.0, 0.0, 80.0, 88.0, 92.0, 92.0, 88.0, 96.0, 96.0, 92.0, 64.0, 0.0, 80.0, 88.0, 92.0, 92.0, 88.0, 96.0, 96.0, 92.0, 64.0, 0.0]
PaiR Avg. 90.0 ## DeepNSGA-II Avg. 90.0 ## NSGA-II Avg. 78.8
PaiR STD. 30.38218101251 ## DeepNSGA-II STD. 30.38218101251 ## NSGA-II STD. 28.127183675911485
********************************************************* 
hour: 26
significance (U-test):PaiR / DeepNSGA-II 1.0
significance (U-test):PaiR / NSGA-II 5.420883516865588e-11
VDA: PaiR / DeepNSGA-II 0.5
VDA: PaiR / NSGA-II 0.905
PaiR Datapoints [100.0, 100.0, 100.0, 100.0, 100.0, 100.0, 100.0, 100.0, 100.0, 0.0, 100.0, 100.0, 100.0, 100.0, 100.0, 100.0, 100.0, 100.0, 100.0, 0.0, 100.0, 100.0, 100.0, 100.0, 100.0, 100.0, 100.0, 100.0, 100.0, 0.0, 100.0, 100.0, 100.0, 100.0, 100.0, 100.0, 100.0, 100.0, 100.0, 0.0]
DeepNSGA-II Datapoints [100.0, 100.0, 100.0, 100.0, 100.0, 100.0, 100.0, 100.0, 100.0, 0.0, 100.0, 100.0, 100.0, 100.0, 100.0, 100.0, 100.0, 100.0, 100.0, 0.0, 100.0, 100.0, 100.0, 100.0, 100.0, 100.0, 100.0, 100.0, 100.0, 0.0, 100.0, 100.0, 100.0, 100.0, 100.0, 100.0, 100.0, 100.0, 100.0, 0.0]
NSGA-II Datapoints [80.0, 88.0, 92.0, 92.0, 88.0, 96.0, 96.0, 92.0, 64.0, 0.0, 80.0, 88.0, 92.0, 92.0, 88.0, 96.0, 96.0, 92.0, 64.0, 0.0, 80.0, 88.0, 92.0, 92.0, 88.0, 96.0, 96.0, 92.0, 64.0, 0.0, 80.0, 88.0, 92.0, 92.0, 88.0, 96.0, 96.0, 92.0, 64.0, 0.0]
PaiR Avg. 90.0 ## DeepNSGA-II Avg. 90.0 ## NSGA-II Avg. 78.8
PaiR STD. 30.38218101251 ## DeepNSGA-II STD. 30.38218101251 ## NSGA-II STD. 28.127183675911485
********************************************************* 
hour: 27
significance (U-test):PaiR / DeepNSGA-II 1.0
significance (U-test):PaiR / NSGA-II 5.420883516865588e-11
VDA: PaiR / DeepNSGA-II 0.5
VDA: PaiR / NSGA-II 0.905
PaiR Datapoints [100.0, 100.0, 100.0, 100.0, 100.0, 100.0, 100.0, 100.0, 100.0, 0.0, 100.0, 100.0, 100.0, 100.0, 100.0, 100.0, 100.0, 100.0, 100.0, 0.0, 100.0, 100.0, 100.0, 100.0, 100.0, 100.0, 100.0, 100.0, 100.0, 0.0, 100.0, 100.0, 100.0, 100.0, 100.0, 100.0, 100.0, 100.0, 100.0, 0.0]
DeepNSGA-II Datapoints [100.0, 100.0, 100.0, 100.0, 100.0, 100.0, 100.0, 100.0, 100.0, 0.0, 100.0, 100.0, 100.0, 100.0, 100.0, 100.0, 100.0, 100.0, 100.0, 0.0, 100.0, 100.0, 100.0, 100.0, 100.0, 100.0, 100.0, 100.0, 100.0, 0.0, 100.0, 100.0, 100.0, 100.0, 100.0, 100.0, 100.0, 100.0, 100.0, 0.0]
NSGA-II Datapoints [80.0, 88.0, 92.0, 92.0, 88.0, 96.0, 96.0, 92.0, 64.0, 0.0, 80.0, 88.0, 92.0, 92.0, 88.0, 96.0, 96.0, 92.0, 64.0, 0.0, 80.0, 88.0, 92.0, 92.0, 88.0, 96.0, 96.0, 92.0, 64.0, 0.0, 80.0, 88.0, 92.0, 92.0, 88.0, 96.0, 96.0, 92.0, 64.0, 0.0]
PaiR Avg. 90.0 ## DeepNSGA-II Avg. 90.0 ## NSGA-II Avg. 78.8
PaiR STD. 30.38218101251 ## DeepNSGA-II STD. 30.38218101251 ## NSGA-II STD. 28.127183675911485
********************************************************* 
hour: 28
significance (U-test):PaiR / DeepNSGA-II 1.0
significance (U-test):PaiR / NSGA-II 5.420883516865588e-11
VDA: PaiR / DeepNSGA-II 0.5
VDA: PaiR / NSGA-II 0.905
PaiR Datapoints [100.0, 100.0, 100.0, 100.0, 100.0, 100.0, 100.0, 100.0, 100.0, 0.0, 100.0, 100.0, 100.0, 100.0, 100.0, 100.0, 100.0, 100.0, 100.0, 0.0, 100.0, 100.0, 100.0, 100.0, 100.0, 100.0, 100.0, 100.0, 100.0, 0.0, 100.0, 100.0, 100.0, 100.0, 100.0, 100.0, 100.0, 100.0, 100.0, 0.0]
DeepNSGA-II Datapoints [100.0, 100.0, 100.0, 100.0, 100.0, 100.0, 100.0, 100.0, 100.0, 0.0, 100.0, 100.0, 100.0, 100.0, 100.0, 100.0, 100.0, 100.0, 100.0, 0.0, 100.0, 100.0, 100.0, 100.0, 100.0, 100.0, 100.0, 100.0, 100.0, 0.0, 100.0, 100.0, 100.0, 100.0, 100.0, 100.0, 100.0, 100.0, 100.0, 0.0]
NSGA-II Datapoints [80.0, 88.0, 92.0, 92.0, 88.0, 96.0, 96.0, 92.0, 64.0, 0.0, 80.0, 88.0, 92.0, 92.0, 88.0, 96.0, 96.0, 92.0, 64.0, 0.0, 80.0, 88.0, 92.0, 92.0, 88.0, 96.0, 96.0, 92.0, 64.0, 0.0, 80.0, 88.0, 92.0, 92.0, 88.0, 96.0, 96.0, 92.0, 64.0, 0.0]
PaiR Avg. 90.0 ## DeepNSGA-II Avg. 90.0 ## NSGA-II Avg. 78.8
PaiR STD. 30.38218101251 ## DeepNSGA-II STD. 30.38218101251 ## NSGA-II STD. 28.127183675911485
********************************************************* 
hour: 29
significance (U-test):PaiR / DeepNSGA-II 1.0
significance (U-test):PaiR / NSGA-II 5.420883516865588e-11
VDA: PaiR / DeepNSGA-II 0.5
VDA: PaiR / NSGA-II 0.905
PaiR Datapoints [100.0, 100.0, 100.0, 100.0, 100.0, 100.0, 100.0, 100.0, 100.0, 0.0, 100.0, 100.0, 100.0, 100.0, 100.0, 100.0, 100.0, 100.0, 100.0, 0.0, 100.0, 100.0, 100.0, 100.0, 100.0, 100.0, 100.0, 100.0, 100.0, 0.0, 100.0, 100.0, 100.0, 100.0, 100.0, 100.0, 100.0, 100.0, 100.0, 0.0]
DeepNSGA-II Datapoints [100.0, 100.0, 100.0, 100.0, 100.0, 100.0, 100.0, 100.0, 100.0, 0.0, 100.0, 100.0, 100.0, 100.0, 100.0, 100.0, 100.0, 100.0, 100.0, 0.0, 100.0, 100.0, 100.0, 100.0, 100.0, 100.0, 100.0, 100.0, 100.0, 0.0, 100.0, 100.0, 100.0, 100.0, 100.0, 100.0, 100.0, 100.0, 100.0, 0.0]
NSGA-II Datapoints [80.0, 88.0, 92.0, 92.0, 88.0, 96.0, 96.0, 92.0, 64.0, 0.0, 80.0, 88.0, 92.0, 92.0, 88.0, 96.0, 96.0, 92.0, 64.0, 0.0, 80.0, 88.0, 92.0, 92.0, 88.0, 96.0, 96.0, 92.0, 64.0, 0.0, 80.0, 88.0, 92.0, 92.0, 88.0, 96.0, 96.0, 92.0, 64.0, 0.0]
PaiR Avg. 90.0 ## DeepNSGA-II Avg. 90.0 ## NSGA-II Avg. 78.8
PaiR STD. 30.38218101251 ## DeepNSGA-II STD. 30.38218101251 ## NSGA-II STD. 28.127183675911485
********************************************************* 
hour: 30
significance (U-test):PaiR / DeepNSGA-II 1.0
significance (U-test):PaiR / NSGA-II 5.420883516865588e-11
VDA: PaiR / DeepNSGA-II 0.5
VDA: PaiR / NSGA-II 0.905
PaiR Datapoints [100.0, 100.0, 100.0, 100.0, 100.0, 100.0, 100.0, 100.0, 100.0, 0.0, 100.0, 100.0, 100.0, 100.0, 100.0, 100.0, 100.0, 100.0, 100.0, 0.0, 100.0, 100.0, 100.0, 100.0, 100.0, 100.0, 100.0, 100.0, 100.0, 0.0, 100.0, 100.0, 100.0, 100.0, 100.0, 100.0, 100.0, 100.0, 100.0, 0.0]
DeepNSGA-II Datapoints [100.0, 100.0, 100.0, 100.0, 100.0, 100.0, 100.0, 100.0, 100.0, 0.0, 100.0, 100.0, 100.0, 100.0, 100.0, 100.0, 100.0, 100.0, 100.0, 0.0, 100.0, 100.0, 100.0, 100.0, 100.0, 100.0, 100.0, 100.0, 100.0, 0.0, 100.0, 100.0, 100.0, 100.0, 100.0, 100.0, 100.0, 100.0, 100.0, 0.0]
NSGA-II Datapoints [80.0, 88.0, 92.0, 92.0, 88.0, 96.0, 96.0, 92.0, 64.0, 0.0, 80.0, 88.0, 92.0, 92.0, 88.0, 96.0, 96.0, 92.0, 64.0, 0.0, 80.0, 88.0, 92.0, 92.0, 88.0, 96.0, 96.0, 92.0, 64.0, 0.0, 80.0, 88.0, 92.0, 92.0, 88.0, 96.0, 96.0, 92.0, 64.0, 0.0]
PaiR Avg. 90.0 ## DeepNSGA-II Avg. 90.0 ## NSGA-II Avg. 78.8
PaiR STD. 30.38218101251 ## DeepNSGA-II STD. 30.38218101251 ## NSGA-II STD. 28.127183675911485
********************************************************* 
hour: 31
significance (U-test):PaiR / DeepNSGA-II 1.0
significance (U-test):PaiR / NSGA-II 5.420883516865588e-11
VDA: PaiR / DeepNSGA-II 0.5
VDA: PaiR / NSGA-II 0.905
PaiR Datapoints [100.0, 100.0, 100.0, 100.0, 100.0, 100.0, 100.0, 100.0, 100.0, 0.0, 100.0, 100.0, 100.0, 100.0, 100.0, 100.0, 100.0, 100.0, 100.0, 0.0, 100.0, 100.0, 100.0, 100.0, 100.0, 100.0, 100.0, 100.0, 100.0, 0.0, 100.0, 100.0, 100.0, 100.0, 100.0, 100.0, 100.0, 100.0, 100.0, 0.0]
DeepNSGA-II Datapoints [100.0, 100.0, 100.0, 100.0, 100.0, 100.0, 100.0, 100.0, 100.0, 0.0, 100.0, 100.0, 100.0, 100.0, 100.0, 100.0, 100.0, 100.0, 100.0, 0.0, 100.0, 100.0, 100.0, 100.0, 100.0, 100.0, 100.0, 100.0, 100.0, 0.0, 100.0, 100.0, 100.0, 100.0, 100.0, 100.0, 100.0, 100.0, 100.0, 0.0]
NSGA-II Datapoints [80.0, 88.0, 92.0, 92.0, 88.0, 96.0, 96.0, 92.0, 64.0, 0.0, 80.0, 88.0, 92.0, 92.0, 88.0, 96.0, 96.0, 92.0, 64.0, 0.0, 80.0, 88.0, 92.0, 92.0, 88.0, 96.0, 96.0, 92.0, 64.0, 0.0, 80.0, 88.0, 92.0, 92.0, 88.0, 96.0, 96.0, 92.0, 64.0, 0.0]
PaiR Avg. 90.0 ## DeepNSGA-II Avg. 90.0 ## NSGA-II Avg. 78.8
PaiR STD. 30.38218101251 ## DeepNSGA-II STD. 30.38218101251 ## NSGA-II STD. 28.127183675911485
********************************************************* 
hour: 32
significance (U-test):PaiR / DeepNSGA-II 1.0
significance (U-test):PaiR / NSGA-II 5.420883516865588e-11
VDA: PaiR / DeepNSGA-II 0.5
VDA: PaiR / NSGA-II 0.905
PaiR Datapoints [100.0, 100.0, 100.0, 100.0, 100.0, 100.0, 100.0, 100.0, 100.0, 0.0, 100.0, 100.0, 100.0, 100.0, 100.0, 100.0, 100.0, 100.0, 100.0, 0.0, 100.0, 100.0, 100.0, 100.0, 100.0, 100.0, 100.0, 100.0, 100.0, 0.0, 100.0, 100.0, 100.0, 100.0, 100.0, 100.0, 100.0, 100.0, 100.0, 0.0]
DeepNSGA-II Datapoints [100.0, 100.0, 100.0, 100.0, 100.0, 100.0, 100.0, 100.0, 100.0, 0.0, 100.0, 100.0, 100.0, 100.0, 100.0, 100.0, 100.0, 100.0, 100.0, 0.0, 100.0, 100.0, 100.0, 100.0, 100.0, 100.0, 100.0, 100.0, 100.0, 0.0, 100.0, 100.0, 100.0, 100.0, 100.0, 100.0, 100.0, 100.0, 100.0, 0.0]
NSGA-II Datapoints [80.0, 88.0, 92.0, 92.0, 88.0, 96.0, 96.0, 92.0, 64.0, 0.0, 80.0, 88.0, 92.0, 92.0, 88.0, 96.0, 96.0, 92.0, 64.0, 0.0, 80.0, 88.0, 92.0, 92.0, 88.0, 96.0, 96.0, 92.0, 64.0, 0.0, 80.0, 88.0, 92.0, 92.0, 88.0, 96.0, 96.0, 92.0, 64.0, 0.0]
PaiR Avg. 90.0 ## DeepNSGA-II Avg. 90.0 ## NSGA-II Avg. 78.8
PaiR STD. 30.38218101251 ## DeepNSGA-II STD. 30.38218101251 ## NSGA-II STD. 28.127183675911485
********************************************************* 
hour: 33
significance (U-test):PaiR / DeepNSGA-II 1.0
significance (U-test):PaiR / NSGA-II 5.420883516865588e-11
VDA: PaiR / DeepNSGA-II 0.5
VDA: PaiR / NSGA-II 0.905
PaiR Datapoints [100.0, 100.0, 100.0, 100.0, 100.0, 100.0, 100.0, 100.0, 100.0, 0.0, 100.0, 100.0, 100.0, 100.0, 100.0, 100.0, 100.0, 100.0, 100.0, 0.0, 100.0, 100.0, 100.0, 100.0, 100.0, 100.0, 100.0, 100.0, 100.0, 0.0, 100.0, 100.0, 100.0, 100.0, 100.0, 100.0, 100.0, 100.0, 100.0, 0.0]
DeepNSGA-II Datapoints [100.0, 100.0, 100.0, 100.0, 100.0, 100.0, 100.0, 100.0, 100.0, 0.0, 100.0, 100.0, 100.0, 100.0, 100.0, 100.0, 100.0, 100.0, 100.0, 0.0, 100.0, 100.0, 100.0, 100.0, 100.0, 100.0, 100.0, 100.0, 100.0, 0.0, 100.0, 100.0, 100.0, 100.0, 100.0, 100.0, 100.0, 100.0, 100.0, 0.0]
NSGA-II Datapoints [80.0, 88.0, 92.0, 92.0, 88.0, 96.0, 96.0, 92.0, 64.0, 0.0, 80.0, 88.0, 92.0, 92.0, 88.0, 96.0, 96.0, 92.0, 64.0, 0.0, 80.0, 88.0, 92.0, 92.0, 88.0, 96.0, 96.0, 92.0, 64.0, 0.0, 80.0, 88.0, 92.0, 92.0, 88.0, 96.0, 96.0, 92.0, 64.0, 0.0]
PaiR Avg. 90.0 ## DeepNSGA-II Avg. 90.0 ## NSGA-II Avg. 78.8
PaiR STD. 30.38218101251 ## DeepNSGA-II STD. 30.38218101251 ## NSGA-II STD. 28.127183675911485
********************************************************* 
hour: 34
significance (U-test):PaiR / DeepNSGA-II 1.0
significance (U-test):PaiR / NSGA-II 5.420883516865588e-11
VDA: PaiR / DeepNSGA-II 0.5
VDA: PaiR / NSGA-II 0.905
PaiR Datapoints [100.0, 100.0, 100.0, 100.0, 100.0, 100.0, 100.0, 100.0, 100.0, 0.0, 100.0, 100.0, 100.0, 100.0, 100.0, 100.0, 100.0, 100.0, 100.0, 0.0, 100.0, 100.0, 100.0, 100.0, 100.0, 100.0, 100.0, 100.0, 100.0, 0.0, 100.0, 100.0, 100.0, 100.0, 100.0, 100.0, 100.0, 100.0, 100.0, 0.0]
DeepNSGA-II Datapoints [100.0, 100.0, 100.0, 100.0, 100.0, 100.0, 100.0, 100.0, 100.0, 0.0, 100.0, 100.0, 100.0, 100.0, 100.0, 100.0, 100.0, 100.0, 100.0, 0.0, 100.0, 100.0, 100.0, 100.0, 100.0, 100.0, 100.0, 100.0, 100.0, 0.0, 100.0, 100.0, 100.0, 100.0, 100.0, 100.0, 100.0, 100.0, 100.0, 0.0]
NSGA-II Datapoints [80.0, 88.0, 92.0, 92.0, 88.0, 96.0, 96.0, 92.0, 64.0, 0.0, 80.0, 88.0, 92.0, 92.0, 88.0, 96.0, 96.0, 92.0, 64.0, 0.0, 80.0, 88.0, 92.0, 92.0, 88.0, 96.0, 96.0, 92.0, 64.0, 0.0, 80.0, 88.0, 92.0, 92.0, 88.0, 96.0, 96.0, 92.0, 64.0, 0.0]
PaiR Avg. 90.0 ## DeepNSGA-II Avg. 90.0 ## NSGA-II Avg. 78.8
PaiR STD. 30.38218101251 ## DeepNSGA-II STD. 30.38218101251 ## NSGA-II STD. 28.127183675911485
********************************************************* 
hour: 35
significance (U-test):PaiR / DeepNSGA-II 1.0
significance (U-test):PaiR / NSGA-II 5.420883516865588e-11
VDA: PaiR / DeepNSGA-II 0.5
VDA: PaiR / NSGA-II 0.905
PaiR Datapoints [100.0, 100.0, 100.0, 100.0, 100.0, 100.0, 100.0, 100.0, 100.0, 0.0, 100.0, 100.0, 100.0, 100.0, 100.0, 100.0, 100.0, 100.0, 100.0, 0.0, 100.0, 100.0, 100.0, 100.0, 100.0, 100.0, 100.0, 100.0, 100.0, 0.0, 100.0, 100.0, 100.0, 100.0, 100.0, 100.0, 100.0, 100.0, 100.0, 0.0]
DeepNSGA-II Datapoints [100.0, 100.0, 100.0, 100.0, 100.0, 100.0, 100.0, 100.0, 100.0, 0.0, 100.0, 100.0, 100.0, 100.0, 100.0, 100.0, 100.0, 100.0, 100.0, 0.0, 100.0, 100.0, 100.0, 100.0, 100.0, 100.0, 100.0, 100.0, 100.0, 0.0, 100.0, 100.0, 100.0, 100.0, 100.0, 100.0, 100.0, 100.0, 100.0, 0.0]
NSGA-II Datapoints [80.0, 88.0, 92.0, 92.0, 88.0, 96.0, 96.0, 92.0, 64.0, 0.0, 80.0, 88.0, 92.0, 92.0, 88.0, 96.0, 96.0, 92.0, 64.0, 0.0, 80.0, 88.0, 92.0, 92.0, 88.0, 96.0, 96.0, 92.0, 64.0, 0.0, 80.0, 88.0, 92.0, 92.0, 88.0, 96.0, 96.0, 92.0, 64.0, 0.0]
PaiR Avg. 90.0 ## DeepNSGA-II Avg. 90.0 ## NSGA-II Avg. 78.8
PaiR STD. 30.38218101251 ## DeepNSGA-II STD. 30.38218101251 ## NSGA-II STD. 28.127183675911485
********************************************************* 
hour: 36
significance (U-test):PaiR / DeepNSGA-II 1.0
significance (U-test):PaiR / NSGA-II 5.420883516865588e-11
VDA: PaiR / DeepNSGA-II 0.5
VDA: PaiR / NSGA-II 0.905
PaiR Datapoints [100.0, 100.0, 100.0, 100.0, 100.0, 100.0, 100.0, 100.0, 100.0, 0.0, 100.0, 100.0, 100.0, 100.0, 100.0, 100.0, 100.0, 100.0, 100.0, 0.0, 100.0, 100.0, 100.0, 100.0, 100.0, 100.0, 100.0, 100.0, 100.0, 0.0, 100.0, 100.0, 100.0, 100.0, 100.0, 100.0, 100.0, 100.0, 100.0, 0.0]
DeepNSGA-II Datapoints [100.0, 100.0, 100.0, 100.0, 100.0, 100.0, 100.0, 100.0, 100.0, 0.0, 100.0, 100.0, 100.0, 100.0, 100.0, 100.0, 100.0, 100.0, 100.0, 0.0, 100.0, 100.0, 100.0, 100.0, 100.0, 100.0, 100.0, 100.0, 100.0, 0.0, 100.0, 100.0, 100.0, 100.0, 100.0, 100.0, 100.0, 100.0, 100.0, 0.0]
NSGA-II Datapoints [80.0, 88.0, 92.0, 92.0, 88.0, 96.0, 96.0, 92.0, 64.0, 0.0, 80.0, 88.0, 92.0, 92.0, 88.0, 96.0, 96.0, 92.0, 64.0, 0.0, 80.0, 88.0, 92.0, 92.0, 88.0, 96.0, 96.0, 92.0, 64.0, 0.0, 80.0, 88.0, 92.0, 92.0, 88.0, 96.0, 96.0, 92.0, 64.0, 0.0]
PaiR Avg. 90.0 ## DeepNSGA-II Avg. 90.0 ## NSGA-II Avg. 78.8
PaiR STD. 30.38218101251 ## DeepNSGA-II STD. 30.38218101251 ## NSGA-II STD. 28.127183675911485
********************************************************* 
hour: 37
significance (U-test):PaiR / DeepNSGA-II 1.0
significance (U-test):PaiR / NSGA-II 5.420883516865588e-11
VDA: PaiR / DeepNSGA-II 0.5
VDA: PaiR / NSGA-II 0.905
PaiR Datapoints [100.0, 100.0, 100.0, 100.0, 100.0, 100.0, 100.0, 100.0, 100.0, 0.0, 100.0, 100.0, 100.0, 100.0, 100.0, 100.0, 100.0, 100.0, 100.0, 0.0, 100.0, 100.0, 100.0, 100.0, 100.0, 100.0, 100.0, 100.0, 100.0, 0.0, 100.0, 100.0, 100.0, 100.0, 100.0, 100.0, 100.0, 100.0, 100.0, 0.0]
DeepNSGA-II Datapoints [100.0, 100.0, 100.0, 100.0, 100.0, 100.0, 100.0, 100.0, 100.0, 0.0, 100.0, 100.0, 100.0, 100.0, 100.0, 100.0, 100.0, 100.0, 100.0, 0.0, 100.0, 100.0, 100.0, 100.0, 100.0, 100.0, 100.0, 100.0, 100.0, 0.0, 100.0, 100.0, 100.0, 100.0, 100.0, 100.0, 100.0, 100.0, 100.0, 0.0]
NSGA-II Datapoints [80.0, 88.0, 92.0, 92.0, 88.0, 96.0, 96.0, 92.0, 64.0, 0.0, 80.0, 88.0, 92.0, 92.0, 88.0, 96.0, 96.0, 92.0, 64.0, 0.0, 80.0, 88.0, 92.0, 92.0, 88.0, 96.0, 96.0, 92.0, 64.0, 0.0, 80.0, 88.0, 92.0, 92.0, 88.0, 96.0, 96.0, 92.0, 64.0, 0.0]
PaiR Avg. 90.0 ## DeepNSGA-II Avg. 90.0 ## NSGA-II Avg. 78.8
PaiR STD. 30.38218101251 ## DeepNSGA-II STD. 30.38218101251 ## NSGA-II STD. 28.127183675911485
********************************************************* 
hour: 38
significance (U-test):PaiR / DeepNSGA-II 1.0
significance (U-test):PaiR / NSGA-II 5.420883516865588e-11
VDA: PaiR / DeepNSGA-II 0.5
VDA: PaiR / NSGA-II 0.905
PaiR Datapoints [100.0, 100.0, 100.0, 100.0, 100.0, 100.0, 100.0, 100.0, 100.0, 0.0, 100.0, 100.0, 100.0, 100.0, 100.0, 100.0, 100.0, 100.0, 100.0, 0.0, 100.0, 100.0, 100.0, 100.0, 100.0, 100.0, 100.0, 100.0, 100.0, 0.0, 100.0, 100.0, 100.0, 100.0, 100.0, 100.0, 100.0, 100.0, 100.0, 0.0]
DeepNSGA-II Datapoints [100.0, 100.0, 100.0, 100.0, 100.0, 100.0, 100.0, 100.0, 100.0, 0.0, 100.0, 100.0, 100.0, 100.0, 100.0, 100.0, 100.0, 100.0, 100.0, 0.0, 100.0, 100.0, 100.0, 100.0, 100.0, 100.0, 100.0, 100.0, 100.0, 0.0, 100.0, 100.0, 100.0, 100.0, 100.0, 100.0, 100.0, 100.0, 100.0, 0.0]
NSGA-II Datapoints [80.0, 88.0, 92.0, 92.0, 88.0, 96.0, 96.0, 92.0, 64.0, 0.0, 80.0, 88.0, 92.0, 92.0, 88.0, 96.0, 96.0, 92.0, 64.0, 0.0, 80.0, 88.0, 92.0, 92.0, 88.0, 96.0, 96.0, 92.0, 64.0, 0.0, 80.0, 88.0, 92.0, 92.0, 88.0, 96.0, 96.0, 92.0, 64.0, 0.0]
PaiR Avg. 90.0 ## DeepNSGA-II Avg. 90.0 ## NSGA-II Avg. 78.8
PaiR STD. 30.38218101251 ## DeepNSGA-II STD. 30.38218101251 ## NSGA-II STD. 28.127183675911485
********************************************************* 
hour: 39
significance (U-test):PaiR / DeepNSGA-II 1.0
significance (U-test):PaiR / NSGA-II 5.420883516865588e-11
VDA: PaiR / DeepNSGA-II 0.5
VDA: PaiR / NSGA-II 0.905
PaiR Datapoints [100.0, 100.0, 100.0, 100.0, 100.0, 100.0, 100.0, 100.0, 100.0, 0.0, 100.0, 100.0, 100.0, 100.0, 100.0, 100.0, 100.0, 100.0, 100.0, 0.0, 100.0, 100.0, 100.0, 100.0, 100.0, 100.0, 100.0, 100.0, 100.0, 0.0, 100.0, 100.0, 100.0, 100.0, 100.0, 100.0, 100.0, 100.0, 100.0, 0.0]
DeepNSGA-II Datapoints [100.0, 100.0, 100.0, 100.0, 100.0, 100.0, 100.0, 100.0, 100.0, 0.0, 100.0, 100.0, 100.0, 100.0, 100.0, 100.0, 100.0, 100.0, 100.0, 0.0, 100.0, 100.0, 100.0, 100.0, 100.0, 100.0, 100.0, 100.0, 100.0, 0.0, 100.0, 100.0, 100.0, 100.0, 100.0, 100.0, 100.0, 100.0, 100.0, 0.0]
NSGA-II Datapoints [80.0, 88.0, 92.0, 92.0, 88.0, 96.0, 96.0, 92.0, 64.0, 0.0, 80.0, 88.0, 92.0, 92.0, 88.0, 96.0, 96.0, 92.0, 64.0, 0.0, 80.0, 88.0, 92.0, 92.0, 88.0, 96.0, 96.0, 92.0, 64.0, 0.0, 80.0, 88.0, 92.0, 92.0, 88.0, 96.0, 96.0, 92.0, 64.0, 0.0]
PaiR Avg. 90.0 ## DeepNSGA-II Avg. 90.0 ## NSGA-II Avg. 78.8
PaiR STD. 30.38218101251 ## DeepNSGA-II STD. 30.38218101251 ## NSGA-II STD. 28.127183675911485
********************************************************* 
hour: 40
significance (U-test):PaiR / DeepNSGA-II 1.0
significance (U-test):PaiR / NSGA-II 5.420883516865588e-11
VDA: PaiR / DeepNSGA-II 0.5
VDA: PaiR / NSGA-II 0.905
PaiR Datapoints [100.0, 100.0, 100.0, 100.0, 100.0, 100.0, 100.0, 100.0, 100.0, 0.0, 100.0, 100.0, 100.0, 100.0, 100.0, 100.0, 100.0, 100.0, 100.0, 0.0, 100.0, 100.0, 100.0, 100.0, 100.0, 100.0, 100.0, 100.0, 100.0, 0.0, 100.0, 100.0, 100.0, 100.0, 100.0, 100.0, 100.0, 100.0, 100.0, 0.0]
DeepNSGA-II Datapoints [100.0, 100.0, 100.0, 100.0, 100.0, 100.0, 100.0, 100.0, 100.0, 0.0, 100.0, 100.0, 100.0, 100.0, 100.0, 100.0, 100.0, 100.0, 100.0, 0.0, 100.0, 100.0, 100.0, 100.0, 100.0, 100.0, 100.0, 100.0, 100.0, 0.0, 100.0, 100.0, 100.0, 100.0, 100.0, 100.0, 100.0, 100.0, 100.0, 0.0]
NSGA-II Datapoints [80.0, 88.0, 92.0, 92.0, 88.0, 96.0, 96.0, 92.0, 64.0, 0.0, 80.0, 88.0, 92.0, 92.0, 88.0, 96.0, 96.0, 92.0, 64.0, 0.0, 80.0, 88.0, 92.0, 92.0, 88.0, 96.0, 96.0, 92.0, 64.0, 0.0, 80.0, 88.0, 92.0, 92.0, 88.0, 96.0, 96.0, 92.0, 64.0, 0.0]
PaiR Avg. 90.0 ## DeepNSGA-II Avg. 90.0 ## NSGA-II Avg. 78.8
PaiR STD. 30.38218101251 ## DeepNSGA-II STD. 30.38218101251 ## NSGA-II STD. 28.127183675911485
********************************************************* 
