hour: 1
significance (U-test):PaiR / DeepNSGA-II 1.0
significance (U-test):PaiR / NSGA-II 1.0
VDA: PaiR / DeepNSGA-II 0.5
VDA: PaiR / NSGA-II 0.5
PaiR Datapoints [0.0, 0.0, 0.0, 0.0, 0.0, 0.0, 0.0, 0.0, 0.0, 0.0, 0.0, 0.0, 0.0, 0.0, 0.0, 0.0, 0.0, 0.0, 0.0, 0.0, 0.0, 0.0, 0.0, 0.0, 0.0, 0.0, 0.0, 0.0, 0.0, 0.0, 0.0, 0.0, 0.0, 0.0, 0.0, 0.0, 0.0, 0.0, 0.0, 0.0]
DeepNSGA-II Datapoints [0.0, 0.0, 0.0, 0.0, 0.0, 0.0, 0.0, 0.0, 0.0, 0.0, 0.0, 0.0, 0.0, 0.0, 0.0, 0.0, 0.0, 0.0, 0.0, 0.0, 0.0, 0.0, 0.0, 0.0, 0.0, 0.0, 0.0, 0.0, 0.0, 0.0, 0.0, 0.0, 0.0, 0.0, 0.0, 0.0, 0.0, 0.0, 0.0, 0.0]
NSGA-II Datapoints [0.0, 0.0, 0.0, 0.0, 0.0, 0.0, 0.0, 0.0, 0.0, 0.0, 0.0, 0.0, 0.0, 0.0, 0.0, 0.0, 0.0, 0.0, 0.0, 0.0, 0.0, 0.0, 0.0, 0.0, 0.0, 0.0, 0.0, 0.0, 0.0, 0.0, 0.0, 0.0, 0.0, 0.0, 0.0, 0.0, 0.0, 0.0, 0.0, 0.0]
PaiR Avg. 0.0 ## DeepNSGA-II Avg. 0.0 ## NSGA-II Avg. 0.0
PaiR STD. 0.0 ## DeepNSGA-II STD. 0.0 ## NSGA-II STD. 0.0
********************************************************* 
hour: 2
significance (U-test):PaiR / DeepNSGA-II 0.042729205065331344
significance (U-test):PaiR / NSGA-II 0.042729205065331344
VDA: PaiR / DeepNSGA-II 0.55
VDA: PaiR / NSGA-II 0.55
PaiR Datapoints [0.0, 0.0, 0.0, 0.0, 0.0, 0.0, 0.0, 100.0, 0.0, 0.0, 0.0, 0.0, 0.0, 0.0, 0.0, 0.0, 0.0, 100.0, 0.0, 0.0, 0.0, 0.0, 0.0, 0.0, 0.0, 0.0, 0.0, 100.0, 0.0, 0.0, 0.0, 0.0, 0.0, 0.0, 0.0, 0.0, 0.0, 100.0, 0.0, 0.0]
DeepNSGA-II Datapoints [0.0, 0.0, 0.0, 0.0, 0.0, 0.0, 0.0, 0.0, 0.0, 0.0, 0.0, 0.0, 0.0, 0.0, 0.0, 0.0, 0.0, 0.0, 0.0, 0.0, 0.0, 0.0, 0.0, 0.0, 0.0, 0.0, 0.0, 0.0, 0.0, 0.0, 0.0, 0.0, 0.0, 0.0, 0.0, 0.0, 0.0, 0.0, 0.0, 0.0]
NSGA-II Datapoints [0.0, 0.0, 0.0, 0.0, 0.0, 0.0, 0.0, 0.0, 0.0, 0.0, 0.0, 0.0, 0.0, 0.0, 0.0, 0.0, 0.0, 0.0, 0.0, 0.0, 0.0, 0.0, 0.0, 0.0, 0.0, 0.0, 0.0, 0.0, 0.0, 0.0, 0.0, 0.0, 0.0, 0.0, 0.0, 0.0, 0.0, 0.0, 0.0, 0.0]
PaiR Avg. 10.0 ## DeepNSGA-II Avg. 0.0 ## NSGA-II Avg. 0.0
PaiR STD. 30.38218101251 ## DeepNSGA-II STD. 0.0 ## NSGA-II STD. 0.0
********************************************************* 
hour: 3
significance (U-test):PaiR / DeepNSGA-II 0.003142201590349973
significance (U-test):PaiR / NSGA-II 0.003142201590349973
VDA: PaiR / DeepNSGA-II 0.6
VDA: PaiR / NSGA-II 0.6
PaiR Datapoints [0.0, 0.0, 0.0, 0.0, 0.0, 0.0, 0.0, 100.0, 0.0, 100.0, 0.0, 0.0, 0.0, 0.0, 0.0, 0.0, 0.0, 100.0, 0.0, 100.0, 0.0, 0.0, 0.0, 0.0, 0.0, 0.0, 0.0, 100.0, 0.0, 100.0, 0.0, 0.0, 0.0, 0.0, 0.0, 0.0, 0.0, 100.0, 0.0, 100.0]
DeepNSGA-II Datapoints [0.0, 0.0, 0.0, 0.0, 0.0, 0.0, 0.0, 0.0, 0.0, 0.0, 0.0, 0.0, 0.0, 0.0, 0.0, 0.0, 0.0, 0.0, 0.0, 0.0, 0.0, 0.0, 0.0, 0.0, 0.0, 0.0, 0.0, 0.0, 0.0, 0.0, 0.0, 0.0, 0.0, 0.0, 0.0, 0.0, 0.0, 0.0, 0.0, 0.0]
NSGA-II Datapoints [0.0, 0.0, 0.0, 0.0, 0.0, 0.0, 0.0, 0.0, 0.0, 0.0, 0.0, 0.0, 0.0, 0.0, 0.0, 0.0, 0.0, 0.0, 0.0, 0.0, 0.0, 0.0, 0.0, 0.0, 0.0, 0.0, 0.0, 0.0, 0.0, 0.0, 0.0, 0.0, 0.0, 0.0, 0.0, 0.0, 0.0, 0.0, 0.0, 0.0]
PaiR Avg. 20.0 ## DeepNSGA-II Avg. 0.0 ## NSGA-II Avg. 0.0
PaiR STD. 40.50957468334666 ## DeepNSGA-II STD. 0.0 ## NSGA-II STD. 0.0
********************************************************* 
hour: 4
significance (U-test):PaiR / DeepNSGA-II 0.04472257366386532
significance (U-test):PaiR / NSGA-II 0.003142201590349973
VDA: PaiR / DeepNSGA-II 0.575
VDA: PaiR / NSGA-II 0.6
PaiR Datapoints [0.0, 0.0, 0.0, 0.0, 0.0, 0.0, 0.0, 100.0, 0.0, 100.0, 0.0, 0.0, 0.0, 0.0, 0.0, 0.0, 0.0, 100.0, 0.0, 100.0, 0.0, 0.0, 0.0, 0.0, 0.0, 0.0, 0.0, 100.0, 0.0, 100.0, 0.0, 0.0, 0.0, 0.0, 0.0, 0.0, 0.0, 100.0, 0.0, 100.0]
DeepNSGA-II Datapoints [0.0, 0.0, 0.0, 0.0, 0.0, 0.0, 0.0, 100.0, 0.0, 0.0, 0.0, 0.0, 0.0, 0.0, 0.0, 0.0, 0.0, 100.0, 0.0, 0.0, 0.0, 0.0, 0.0, 0.0, 0.0, 0.0, 0.0, 0.0, 0.0, 0.0, 0.0, 0.0, 0.0, 0.0, 0.0, 0.0, 0.0, 0.0, 0.0, 0.0]
NSGA-II Datapoints [0.0, 0.0, 0.0, 0.0, 0.0, 0.0, 0.0, 0.0, 0.0, 0.0, 0.0, 0.0, 0.0, 0.0, 0.0, 0.0, 0.0, 0.0, 0.0, 0.0, 0.0, 0.0, 0.0, 0.0, 0.0, 0.0, 0.0, 0.0, 0.0, 0.0, 0.0, 0.0, 0.0, 0.0, 0.0, 0.0, 0.0, 0.0, 0.0, 0.0]
PaiR Avg. 20.0 ## DeepNSGA-II Avg. 5.0 ## NSGA-II Avg. 0.0
PaiR STD. 40.50957468334666 ## DeepNSGA-II STD. 22.072142786315226 ## NSGA-II STD. 0.0
********************************************************* 
hour: 5
significance (U-test):PaiR / DeepNSGA-II 0.010626896095500762
significance (U-test):PaiR / NSGA-II 0.00019453487337694783
VDA: PaiR / DeepNSGA-II 0.6125
VDA: PaiR / NSGA-II 0.65
PaiR Datapoints [0.0, 0.0, 0.0, 0.0, 0.0, 100.0, 0.0, 100.0, 0.0, 100.0, 0.0, 0.0, 0.0, 0.0, 0.0, 100.0, 0.0, 100.0, 0.0, 100.0, 0.0, 0.0, 0.0, 0.0, 0.0, 100.0, 0.0, 100.0, 0.0, 100.0, 0.0, 0.0, 0.0, 0.0, 0.0, 100.0, 0.0, 100.0, 0.0, 100.0]
DeepNSGA-II Datapoints [0.0, 0.0, 0.0, 0.0, 0.0, 0.0, 0.0, 100.0, 0.0, 0.0, 0.0, 0.0, 0.0, 0.0, 0.0, 100.0, 0.0, 100.0, 0.0, 0.0, 0.0, 0.0, 0.0, 0.0, 0.0, 0.0, 0.0, 0.0, 0.0, 0.0, 0.0, 0.0, 0.0, 0.0, 0.0, 0.0, 0.0, 0.0, 0.0, 0.0]
NSGA-II Datapoints [0.0, 0.0, 0.0, 0.0, 0.0, 0.0, 0.0, 0.0, 0.0, 0.0, 0.0, 0.0, 0.0, 0.0, 0.0, 0.0, 0.0, 0.0, 0.0, 0.0, 0.0, 0.0, 0.0, 0.0, 0.0, 0.0, 0.0, 0.0, 0.0, 0.0, 0.0, 0.0, 0.0, 0.0, 0.0, 0.0, 0.0, 0.0, 0.0, 0.0]
PaiR Avg. 30.0 ## DeepNSGA-II Avg. 7.5 ## NSGA-II Avg. 0.0
PaiR STD. 46.40954808922571 ## DeepNSGA-II STD. 26.67467828369185 ## NSGA-II STD. 0.0
********************************************************* 
hour: 6
significance (U-test):PaiR / DeepNSGA-II 0.11189899011938582
significance (U-test):PaiR / NSGA-II 1.0
VDA: PaiR / DeepNSGA-II 0.575
VDA: PaiR / NSGA-II 0.5
PaiR Datapoints [0.0, 0.0, 0.0, 0.0, 0.0, 100.0, 0.0, 100.0, 0.0, 100.0, 0.0, 0.0, 0.0, 0.0, 0.0, 100.0, 0.0, 100.0, 0.0, 100.0, 0.0, 0.0, 0.0, 0.0, 0.0, 100.0, 0.0, 100.0, 0.0, 100.0, 0.0, 0.0, 0.0, 0.0, 0.0, 100.0, 0.0, 100.0, 0.0, 100.0]
DeepNSGA-II Datapoints [0.0, 0.0, 0.0, 0.0, 0.0, 0.0, 0.0, 100.0, 0.0, 100.0, 0.0, 100.0, 0.0, 0.0, 0.0, 100.0, 0.0, 100.0, 0.0, 0.0, 0.0, 0.0, 0.0, 0.0, 0.0, 0.0, 0.0, 0.0, 0.0, 0.0, 0.0, 0.0, 0.0, 0.0, 0.0, 100.0, 0.0, 0.0, 0.0, 0.0]
NSGA-II Datapoints [0.0, 100.0, 0.0, 0.0, 0.0, 0.0, 0.0, 100.0, 0.0, 100.0, 0.0, 100.0, 0.0, 0.0, 0.0, 0.0, 0.0, 100.0, 0.0, 100.0, 0.0, 100.0, 0.0, 0.0, 0.0, 0.0, 0.0, 100.0, 0.0, 100.0, 0.0, 100.0, 0.0, 0.0, 0.0, 0.0, 0.0, 100.0, 0.0, 100.0]
PaiR Avg. 30.0 ## DeepNSGA-II Avg. 15.0 ## NSGA-II Avg. 30.0
PaiR STD. 46.40954808922571 ## DeepNSGA-II STD. 36.16202853397895 ## NSGA-II STD. 46.40954808922571
********************************************************* 
hour: 7
significance (U-test):PaiR / DeepNSGA-II 0.002299068885341097
significance (U-test):PaiR / NSGA-II 0.3746945902393377
VDA: PaiR / DeepNSGA-II 0.6625
VDA: PaiR / NSGA-II 0.55
PaiR Datapoints [0.0, 100.0, 0.0, 0.0, 100.0, 100.0, 0.0, 100.0, 0.0, 100.0, 0.0, 100.0, 0.0, 0.0, 100.0, 100.0, 0.0, 100.0, 0.0, 100.0, 0.0, 100.0, 0.0, 0.0, 100.0, 100.0, 0.0, 100.0, 0.0, 100.0, 0.0, 100.0, 0.0, 0.0, 100.0, 100.0, 0.0, 100.0, 0.0, 100.0]
DeepNSGA-II Datapoints [0.0, 0.0, 0.0, 0.0, 0.0, 0.0, 0.0, 100.0, 0.0, 100.0, 0.0, 100.0, 0.0, 0.0, 0.0, 100.0, 0.0, 100.0, 0.0, 0.0, 0.0, 0.0, 0.0, 0.0, 0.0, 0.0, 0.0, 0.0, 0.0, 0.0, 0.0, 0.0, 0.0, 0.0, 0.0, 100.0, 0.0, 100.0, 0.0, 0.0]
NSGA-II Datapoints [0.0, 100.0, 0.0, 0.0, 0.0, 100.0, 0.0, 100.0, 0.0, 100.0, 0.0, 100.0, 0.0, 0.0, 0.0, 100.0, 0.0, 100.0, 0.0, 100.0, 0.0, 100.0, 0.0, 0.0, 0.0, 100.0, 0.0, 100.0, 0.0, 100.0, 0.0, 100.0, 0.0, 0.0, 0.0, 100.0, 0.0, 100.0, 0.0, 100.0]
PaiR Avg. 50.0 ## DeepNSGA-II Avg. 17.5 ## NSGA-II Avg. 40.0
PaiR STD. 50.63696835418333 ## DeepNSGA-II STD. 38.480764425479265 ## NSGA-II STD. 49.613893835683385
********************************************************* 
hour: 8
significance (U-test):PaiR / DeepNSGA-II 0.011196838460182797
significance (U-test):PaiR / NSGA-II 0.3746945902393377
VDA: PaiR / DeepNSGA-II 0.6375
VDA: PaiR / NSGA-II 0.55
PaiR Datapoints [0.0, 100.0, 0.0, 0.0, 100.0, 100.0, 0.0, 100.0, 0.0, 100.0, 0.0, 100.0, 0.0, 0.0, 100.0, 100.0, 0.0, 100.0, 0.0, 100.0, 0.0, 100.0, 0.0, 0.0, 100.0, 100.0, 0.0, 100.0, 0.0, 100.0, 0.0, 100.0, 0.0, 0.0, 100.0, 100.0, 0.0, 100.0, 0.0, 100.0]
DeepNSGA-II Datapoints [0.0, 0.0, 0.0, 0.0, 0.0, 100.0, 0.0, 100.0, 0.0, 100.0, 0.0, 100.0, 0.0, 0.0, 100.0, 100.0, 0.0, 100.0, 0.0, 0.0, 0.0, 0.0, 0.0, 0.0, 0.0, 0.0, 0.0, 0.0, 0.0, 0.0, 0.0, 0.0, 0.0, 0.0, 0.0, 100.0, 0.0, 100.0, 0.0, 0.0]
NSGA-II Datapoints [0.0, 100.0, 0.0, 0.0, 0.0, 100.0, 0.0, 100.0, 0.0, 100.0, 0.0, 100.0, 0.0, 0.0, 0.0, 100.0, 0.0, 100.0, 0.0, 100.0, 0.0, 100.0, 0.0, 0.0, 0.0, 100.0, 0.0, 100.0, 0.0, 100.0, 0.0, 100.0, 0.0, 0.0, 0.0, 100.0, 0.0, 100.0, 0.0, 100.0]
PaiR Avg. 50.0 ## DeepNSGA-II Avg. 22.5 ## NSGA-II Avg. 40.0
PaiR STD. 50.63696835418333 ## DeepNSGA-II STD. 42.29020617662603 ## NSGA-II STD. 49.613893835683385
********************************************************* 
hour: 9
significance (U-test):PaiR / DeepNSGA-II 0.040680638667238984
significance (U-test):PaiR / NSGA-II 0.3746945902393377
VDA: PaiR / DeepNSGA-II 0.6125
VDA: PaiR / NSGA-II 0.55
PaiR Datapoints [0.0, 100.0, 0.0, 0.0, 100.0, 100.0, 0.0, 100.0, 0.0, 100.0, 0.0, 100.0, 0.0, 0.0, 100.0, 100.0, 0.0, 100.0, 0.0, 100.0, 0.0, 100.0, 0.0, 0.0, 100.0, 100.0, 0.0, 100.0, 0.0, 100.0, 0.0, 100.0, 0.0, 0.0, 100.0, 100.0, 0.0, 100.0, 0.0, 100.0]
DeepNSGA-II Datapoints [0.0, 100.0, 0.0, 0.0, 0.0, 100.0, 0.0, 100.0, 0.0, 100.0, 0.0, 100.0, 0.0, 0.0, 100.0, 100.0, 0.0, 100.0, 0.0, 0.0, 0.0, 0.0, 0.0, 0.0, 0.0, 0.0, 0.0, 100.0, 0.0, 0.0, 0.0, 0.0, 0.0, 0.0, 0.0, 100.0, 0.0, 100.0, 0.0, 0.0]
NSGA-II Datapoints [0.0, 100.0, 0.0, 0.0, 0.0, 100.0, 0.0, 100.0, 0.0, 100.0, 0.0, 100.0, 0.0, 0.0, 0.0, 100.0, 0.0, 100.0, 0.0, 100.0, 0.0, 100.0, 0.0, 0.0, 0.0, 100.0, 0.0, 100.0, 0.0, 100.0, 0.0, 100.0, 0.0, 0.0, 0.0, 100.0, 0.0, 100.0, 0.0, 100.0]
PaiR Avg. 50.0 ## DeepNSGA-II Avg. 27.5 ## NSGA-II Avg. 40.0
PaiR STD. 50.63696835418333 ## DeepNSGA-II STD. 45.22025867763026 ## NSGA-II STD. 49.613893835683385
********************************************************* 
hour: 10
significance (U-test):PaiR / DeepNSGA-II 0.11544796262311124
significance (U-test):PaiR / NSGA-II 0.3746945902393377
VDA: PaiR / DeepNSGA-II 0.5875
VDA: PaiR / NSGA-II 0.55
PaiR Datapoints [0.0, 100.0, 0.0, 0.0, 100.0, 100.0, 0.0, 100.0, 0.0, 100.0, 0.0, 100.0, 0.0, 0.0, 100.0, 100.0, 0.0, 100.0, 0.0, 100.0, 0.0, 100.0, 0.0, 0.0, 100.0, 100.0, 0.0, 100.0, 0.0, 100.0, 0.0, 100.0, 0.0, 0.0, 100.0, 100.0, 0.0, 100.0, 0.0, 100.0]
DeepNSGA-II Datapoints [0.0, 100.0, 0.0, 0.0, 0.0, 100.0, 0.0, 100.0, 0.0, 100.0, 0.0, 100.0, 0.0, 0.0, 100.0, 100.0, 0.0, 100.0, 0.0, 0.0, 0.0, 0.0, 0.0, 0.0, 0.0, 0.0, 0.0, 100.0, 0.0, 100.0, 0.0, 0.0, 0.0, 0.0, 100.0, 100.0, 0.0, 100.0, 0.0, 0.0]
NSGA-II Datapoints [0.0, 100.0, 0.0, 0.0, 0.0, 100.0, 0.0, 100.0, 0.0, 100.0, 0.0, 100.0, 0.0, 0.0, 0.0, 100.0, 0.0, 100.0, 0.0, 100.0, 0.0, 100.0, 0.0, 0.0, 0.0, 100.0, 0.0, 100.0, 0.0, 100.0, 0.0, 100.0, 0.0, 0.0, 0.0, 100.0, 0.0, 100.0, 0.0, 100.0]
PaiR Avg. 50.0 ## DeepNSGA-II Avg. 32.5 ## NSGA-II Avg. 40.0
PaiR STD. 50.63696835418333 ## DeepNSGA-II STD. 47.43416490252569 ## NSGA-II STD. 49.613893835683385
********************************************************* 
hour: 11
significance (U-test):PaiR / DeepNSGA-II 0.026468408524594797
significance (U-test):PaiR / NSGA-II 0.07638065399186719
VDA: PaiR / DeepNSGA-II 0.625
VDA: PaiR / NSGA-II 0.6
PaiR Datapoints [0.0, 100.0, 0.0, 100.0, 100.0, 100.0, 0.0, 100.0, 0.0, 100.0, 0.0, 100.0, 0.0, 100.0, 100.0, 100.0, 0.0, 100.0, 0.0, 100.0, 0.0, 100.0, 0.0, 100.0, 100.0, 100.0, 0.0, 100.0, 0.0, 100.0, 0.0, 100.0, 0.0, 100.0, 100.0, 100.0, 0.0, 100.0, 0.0, 100.0]
DeepNSGA-II Datapoints [0.0, 100.0, 0.0, 0.0, 0.0, 100.0, 0.0, 100.0, 0.0, 100.0, 0.0, 100.0, 0.0, 0.0, 100.0, 100.0, 0.0, 100.0, 0.0, 0.0, 0.0, 100.0, 0.0, 0.0, 0.0, 0.0, 0.0, 100.0, 0.0, 100.0, 0.0, 0.0, 0.0, 0.0, 100.0, 100.0, 0.0, 100.0, 0.0, 0.0]
NSGA-II Datapoints [0.0, 100.0, 0.0, 0.0, 0.0, 100.0, 0.0, 100.0, 0.0, 100.0, 0.0, 100.0, 0.0, 0.0, 0.0, 100.0, 0.0, 100.0, 0.0, 100.0, 0.0, 100.0, 0.0, 0.0, 0.0, 100.0, 0.0, 100.0, 0.0, 100.0, 0.0, 100.0, 0.0, 0.0, 0.0, 100.0, 0.0, 100.0, 0.0, 100.0]
PaiR Avg. 60.0 ## DeepNSGA-II Avg. 35.0 ## NSGA-II Avg. 40.0
PaiR STD. 49.613893835683385 ## DeepNSGA-II STD. 48.3045891539648 ## NSGA-II STD. 49.613893835683385
********************************************************* 
hour: 12
significance (U-test):PaiR / DeepNSGA-II 0.026468408524594797
significance (U-test):PaiR / NSGA-II 0.07638065399186719
VDA: PaiR / DeepNSGA-II 0.625
VDA: PaiR / NSGA-II 0.6
PaiR Datapoints [0.0, 100.0, 0.0, 100.0, 100.0, 100.0, 0.0, 100.0, 0.0, 100.0, 0.0, 100.0, 0.0, 100.0, 100.0, 100.0, 0.0, 100.0, 0.0, 100.0, 0.0, 100.0, 0.0, 100.0, 100.0, 100.0, 0.0, 100.0, 0.0, 100.0, 0.0, 100.0, 0.0, 100.0, 100.0, 100.0, 0.0, 100.0, 0.0, 100.0]
DeepNSGA-II Datapoints [0.0, 100.0, 0.0, 0.0, 0.0, 100.0, 0.0, 100.0, 0.0, 100.0, 0.0, 100.0, 0.0, 0.0, 100.0, 100.0, 0.0, 100.0, 0.0, 0.0, 0.0, 100.0, 0.0, 0.0, 0.0, 0.0, 0.0, 100.0, 0.0, 100.0, 0.0, 0.0, 0.0, 0.0, 100.0, 100.0, 0.0, 100.0, 0.0, 0.0]
NSGA-II Datapoints [0.0, 100.0, 0.0, 0.0, 0.0, 100.0, 0.0, 100.0, 0.0, 100.0, 0.0, 100.0, 0.0, 0.0, 0.0, 100.0, 0.0, 100.0, 0.0, 100.0, 0.0, 100.0, 0.0, 0.0, 0.0, 100.0, 0.0, 100.0, 0.0, 100.0, 0.0, 100.0, 0.0, 0.0, 0.0, 100.0, 0.0, 100.0, 0.0, 100.0]
PaiR Avg. 60.0 ## DeepNSGA-II Avg. 35.0 ## NSGA-II Avg. 40.0
PaiR STD. 49.613893835683385 ## DeepNSGA-II STD. 48.3045891539648 ## NSGA-II STD. 49.613893835683385
********************************************************* 
hour: 13
significance (U-test):PaiR / DeepNSGA-II 0.07638065399186719
significance (U-test):PaiR / NSGA-II 0.07638065399186719
VDA: PaiR / DeepNSGA-II 0.6
VDA: PaiR / NSGA-II 0.6
PaiR Datapoints [0.0, 100.0, 0.0, 100.0, 100.0, 100.0, 0.0, 100.0, 0.0, 100.0, 0.0, 100.0, 0.0, 100.0, 100.0, 100.0, 0.0, 100.0, 0.0, 100.0, 0.0, 100.0, 0.0, 100.0, 100.0, 100.0, 0.0, 100.0, 0.0, 100.0, 0.0, 100.0, 0.0, 100.0, 100.0, 100.0, 0.0, 100.0, 0.0, 100.0]
DeepNSGA-II Datapoints [0.0, 100.0, 0.0, 0.0, 0.0, 100.0, 0.0, 100.0, 0.0, 100.0, 0.0, 100.0, 0.0, 0.0, 100.0, 100.0, 0.0, 100.0, 0.0, 0.0, 0.0, 100.0, 0.0, 0.0, 0.0, 100.0, 0.0, 100.0, 0.0, 100.0, 0.0, 100.0, 0.0, 0.0, 100.0, 100.0, 0.0, 100.0, 0.0, 0.0]
NSGA-II Datapoints [0.0, 100.0, 0.0, 0.0, 0.0, 100.0, 0.0, 100.0, 0.0, 100.0, 0.0, 100.0, 0.0, 0.0, 0.0, 100.0, 0.0, 100.0, 0.0, 100.0, 0.0, 100.0, 0.0, 0.0, 0.0, 100.0, 0.0, 100.0, 0.0, 100.0, 0.0, 100.0, 0.0, 0.0, 0.0, 100.0, 0.0, 100.0, 0.0, 100.0]
PaiR Avg. 60.0 ## DeepNSGA-II Avg. 40.0 ## NSGA-II Avg. 40.0
PaiR STD. 49.613893835683385 ## DeepNSGA-II STD. 49.613893835683385 ## NSGA-II STD. 49.613893835683385
********************************************************* 
hour: 14
significance (U-test):PaiR / DeepNSGA-II 0.18373689431224483
significance (U-test):PaiR / NSGA-II 0.07638065399186719
VDA: PaiR / DeepNSGA-II 0.575
VDA: PaiR / NSGA-II 0.6
PaiR Datapoints [0.0, 100.0, 0.0, 100.0, 100.0, 100.0, 0.0, 100.0, 0.0, 100.0, 0.0, 100.0, 0.0, 100.0, 100.0, 100.0, 0.0, 100.0, 0.0, 100.0, 0.0, 100.0, 0.0, 100.0, 100.0, 100.0, 0.0, 100.0, 0.0, 100.0, 0.0, 100.0, 0.0, 100.0, 100.0, 100.0, 0.0, 100.0, 0.0, 100.0]
DeepNSGA-II Datapoints [0.0, 100.0, 0.0, 0.0, 0.0, 100.0, 0.0, 100.0, 0.0, 100.0, 0.0, 100.0, 0.0, 0.0, 100.0, 100.0, 0.0, 100.0, 0.0, 100.0, 0.0, 100.0, 0.0, 0.0, 100.0, 100.0, 0.0, 100.0, 0.0, 100.0, 0.0, 100.0, 0.0, 0.0, 100.0, 100.0, 0.0, 100.0, 0.0, 0.0]
NSGA-II Datapoints [0.0, 100.0, 0.0, 0.0, 0.0, 100.0, 0.0, 100.0, 0.0, 100.0, 0.0, 100.0, 0.0, 0.0, 0.0, 100.0, 0.0, 100.0, 0.0, 100.0, 0.0, 100.0, 0.0, 0.0, 0.0, 100.0, 0.0, 100.0, 0.0, 100.0, 0.0, 100.0, 0.0, 0.0, 0.0, 100.0, 0.0, 100.0, 0.0, 100.0]
PaiR Avg. 60.0 ## DeepNSGA-II Avg. 45.0 ## NSGA-II Avg. 40.0
PaiR STD. 49.613893835683385 ## DeepNSGA-II STD. 50.38314736557789 ## NSGA-II STD. 49.613893835683385
********************************************************* 
hour: 15
significance (U-test):PaiR / DeepNSGA-II 0.2676064504473754
significance (U-test):PaiR / NSGA-II 0.07638065399186719
VDA: PaiR / DeepNSGA-II 0.5625
VDA: PaiR / NSGA-II 0.6
PaiR Datapoints [0.0, 100.0, 0.0, 100.0, 100.0, 100.0, 0.0, 100.0, 0.0, 100.0, 0.0, 100.0, 0.0, 100.0, 100.0, 100.0, 0.0, 100.0, 0.0, 100.0, 0.0, 100.0, 0.0, 100.0, 100.0, 100.0, 0.0, 100.0, 0.0, 100.0, 0.0, 100.0, 0.0, 100.0, 100.0, 100.0, 0.0, 100.0, 0.0, 100.0]
DeepNSGA-II Datapoints [0.0, 100.0, 0.0, 0.0, 0.0, 100.0, 0.0, 100.0, 0.0, 100.0, 0.0, 100.0, 0.0, 0.0, 100.0, 100.0, 0.0, 100.0, 0.0, 100.0, 0.0, 100.0, 0.0, 0.0, 100.0, 100.0, 0.0, 100.0, 0.0, 100.0, 100.0, 100.0, 0.0, 0.0, 100.0, 100.0, 0.0, 100.0, 0.0, 0.0]
NSGA-II Datapoints [0.0, 100.0, 0.0, 0.0, 0.0, 100.0, 0.0, 100.0, 0.0, 100.0, 0.0, 100.0, 0.0, 0.0, 0.0, 100.0, 0.0, 100.0, 0.0, 100.0, 0.0, 100.0, 0.0, 0.0, 0.0, 100.0, 0.0, 100.0, 0.0, 100.0, 0.0, 100.0, 0.0, 0.0, 0.0, 100.0, 0.0, 100.0, 0.0, 100.0]
PaiR Avg. 60.0 ## DeepNSGA-II Avg. 47.5 ## NSGA-II Avg. 40.0
PaiR STD. 49.613893835683385 ## DeepNSGA-II STD. 50.57363253408151 ## NSGA-II STD. 49.613893835683385
********************************************************* 
hour: 16
significance (U-test):PaiR / DeepNSGA-II 0.2676064504473754
significance (U-test):PaiR / NSGA-II 0.07638065399186719
VDA: PaiR / DeepNSGA-II 0.5625
VDA: PaiR / NSGA-II 0.6
PaiR Datapoints [0.0, 100.0, 0.0, 100.0, 100.0, 100.0, 0.0, 100.0, 0.0, 100.0, 0.0, 100.0, 0.0, 100.0, 100.0, 100.0, 0.0, 100.0, 0.0, 100.0, 0.0, 100.0, 0.0, 100.0, 100.0, 100.0, 0.0, 100.0, 0.0, 100.0, 0.0, 100.0, 0.0, 100.0, 100.0, 100.0, 0.0, 100.0, 0.0, 100.0]
DeepNSGA-II Datapoints [0.0, 100.0, 0.0, 0.0, 0.0, 100.0, 0.0, 100.0, 0.0, 100.0, 0.0, 100.0, 0.0, 0.0, 100.0, 100.0, 0.0, 100.0, 0.0, 100.0, 0.0, 100.0, 0.0, 0.0, 100.0, 100.0, 0.0, 100.0, 0.0, 100.0, 100.0, 100.0, 0.0, 0.0, 100.0, 100.0, 0.0, 100.0, 0.0, 0.0]
NSGA-II Datapoints [0.0, 100.0, 0.0, 0.0, 0.0, 100.0, 0.0, 100.0, 0.0, 100.0, 0.0, 100.0, 0.0, 0.0, 0.0, 100.0, 0.0, 100.0, 0.0, 100.0, 0.0, 100.0, 0.0, 0.0, 0.0, 100.0, 0.0, 100.0, 0.0, 100.0, 0.0, 100.0, 0.0, 0.0, 0.0, 100.0, 0.0, 100.0, 0.0, 100.0]
PaiR Avg. 60.0 ## DeepNSGA-II Avg. 47.5 ## NSGA-II Avg. 40.0
PaiR STD. 49.613893835683385 ## DeepNSGA-II STD. 50.57363253408151 ## NSGA-II STD. 49.613893835683385
********************************************************* 
hour: 17
significance (U-test):PaiR / DeepNSGA-II 0.2676064504473754
significance (U-test):PaiR / NSGA-II 0.07638065399186719
VDA: PaiR / DeepNSGA-II 0.5625
VDA: PaiR / NSGA-II 0.6
PaiR Datapoints [0.0, 100.0, 0.0, 100.0, 100.0, 100.0, 0.0, 100.0, 0.0, 100.0, 0.0, 100.0, 0.0, 100.0, 100.0, 100.0, 0.0, 100.0, 0.0, 100.0, 0.0, 100.0, 0.0, 100.0, 100.0, 100.0, 0.0, 100.0, 0.0, 100.0, 0.0, 100.0, 0.0, 100.0, 100.0, 100.0, 0.0, 100.0, 0.0, 100.0]
DeepNSGA-II Datapoints [0.0, 100.0, 0.0, 0.0, 0.0, 100.0, 0.0, 100.0, 0.0, 100.0, 0.0, 100.0, 0.0, 0.0, 100.0, 100.0, 0.0, 100.0, 0.0, 100.0, 0.0, 100.0, 0.0, 0.0, 100.0, 100.0, 0.0, 100.0, 0.0, 100.0, 100.0, 100.0, 0.0, 0.0, 100.0, 100.0, 0.0, 100.0, 0.0, 0.0]
NSGA-II Datapoints [0.0, 100.0, 0.0, 0.0, 0.0, 100.0, 0.0, 100.0, 0.0, 100.0, 0.0, 100.0, 0.0, 0.0, 0.0, 100.0, 0.0, 100.0, 0.0, 100.0, 0.0, 100.0, 0.0, 0.0, 0.0, 100.0, 0.0, 100.0, 0.0, 100.0, 0.0, 100.0, 0.0, 0.0, 0.0, 100.0, 0.0, 100.0, 0.0, 100.0]
PaiR Avg. 60.0 ## DeepNSGA-II Avg. 47.5 ## NSGA-II Avg. 40.0
PaiR STD. 49.613893835683385 ## DeepNSGA-II STD. 50.57363253408151 ## NSGA-II STD. 49.613893835683385
********************************************************* 
hour: 18
significance (U-test):PaiR / DeepNSGA-II 0.2676064504473754
significance (U-test):PaiR / NSGA-II 0.07638065399186719
VDA: PaiR / DeepNSGA-II 0.5625
VDA: PaiR / NSGA-II 0.6
PaiR Datapoints [0.0, 100.0, 0.0, 100.0, 100.0, 100.0, 0.0, 100.0, 0.0, 100.0, 0.0, 100.0, 0.0, 100.0, 100.0, 100.0, 0.0, 100.0, 0.0, 100.0, 0.0, 100.0, 0.0, 100.0, 100.0, 100.0, 0.0, 100.0, 0.0, 100.0, 0.0, 100.0, 0.0, 100.0, 100.0, 100.0, 0.0, 100.0, 0.0, 100.0]
DeepNSGA-II Datapoints [0.0, 100.0, 0.0, 0.0, 0.0, 100.0, 0.0, 100.0, 0.0, 100.0, 0.0, 100.0, 0.0, 0.0, 100.0, 100.0, 0.0, 100.0, 0.0, 100.0, 0.0, 100.0, 0.0, 0.0, 100.0, 100.0, 0.0, 100.0, 0.0, 100.0, 100.0, 100.0, 0.0, 0.0, 100.0, 100.0, 0.0, 100.0, 0.0, 0.0]
NSGA-II Datapoints [0.0, 100.0, 0.0, 0.0, 0.0, 100.0, 0.0, 100.0, 0.0, 100.0, 0.0, 100.0, 0.0, 0.0, 0.0, 100.0, 0.0, 100.0, 0.0, 100.0, 0.0, 100.0, 0.0, 0.0, 0.0, 100.0, 0.0, 100.0, 0.0, 100.0, 0.0, 100.0, 0.0, 0.0, 0.0, 100.0, 0.0, 100.0, 0.0, 100.0]
PaiR Avg. 60.0 ## DeepNSGA-II Avg. 47.5 ## NSGA-II Avg. 40.0
PaiR STD. 49.613893835683385 ## DeepNSGA-II STD. 50.57363253408151 ## NSGA-II STD. 49.613893835683385
********************************************************* 
hour: 19
significance (U-test):PaiR / DeepNSGA-II 0.2676064504473754
significance (U-test):PaiR / NSGA-II 0.07638065399186719
VDA: PaiR / DeepNSGA-II 0.5625
VDA: PaiR / NSGA-II 0.6
PaiR Datapoints [0.0, 100.0, 0.0, 100.0, 100.0, 100.0, 0.0, 100.0, 0.0, 100.0, 0.0, 100.0, 0.0, 100.0, 100.0, 100.0, 0.0, 100.0, 0.0, 100.0, 0.0, 100.0, 0.0, 100.0, 100.0, 100.0, 0.0, 100.0, 0.0, 100.0, 0.0, 100.0, 0.0, 100.0, 100.0, 100.0, 0.0, 100.0, 0.0, 100.0]
DeepNSGA-II Datapoints [0.0, 100.0, 0.0, 0.0, 0.0, 100.0, 0.0, 100.0, 0.0, 100.0, 0.0, 100.0, 0.0, 0.0, 100.0, 100.0, 0.0, 100.0, 0.0, 100.0, 0.0, 100.0, 0.0, 0.0, 100.0, 100.0, 0.0, 100.0, 0.0, 100.0, 100.0, 100.0, 0.0, 0.0, 100.0, 100.0, 0.0, 100.0, 0.0, 0.0]
NSGA-II Datapoints [0.0, 100.0, 0.0, 0.0, 0.0, 100.0, 0.0, 100.0, 0.0, 100.0, 0.0, 100.0, 0.0, 0.0, 0.0, 100.0, 0.0, 100.0, 0.0, 100.0, 0.0, 100.0, 0.0, 0.0, 0.0, 100.0, 0.0, 100.0, 0.0, 100.0, 0.0, 100.0, 0.0, 0.0, 0.0, 100.0, 0.0, 100.0, 0.0, 100.0]
PaiR Avg. 60.0 ## DeepNSGA-II Avg. 47.5 ## NSGA-II Avg. 40.0
PaiR STD. 49.613893835683385 ## DeepNSGA-II STD. 50.57363253408151 ## NSGA-II STD. 49.613893835683385
********************************************************* 
hour: 20
significance (U-test):PaiR / DeepNSGA-II 0.2676064504473754
significance (U-test):PaiR / NSGA-II 0.07638065399186719
VDA: PaiR / DeepNSGA-II 0.5625
VDA: PaiR / NSGA-II 0.6
PaiR Datapoints [0.0, 100.0, 0.0, 100.0, 100.0, 100.0, 0.0, 100.0, 0.0, 100.0, 0.0, 100.0, 0.0, 100.0, 100.0, 100.0, 0.0, 100.0, 0.0, 100.0, 0.0, 100.0, 0.0, 100.0, 100.0, 100.0, 0.0, 100.0, 0.0, 100.0, 0.0, 100.0, 0.0, 100.0, 100.0, 100.0, 0.0, 100.0, 0.0, 100.0]
DeepNSGA-II Datapoints [0.0, 100.0, 0.0, 0.0, 0.0, 100.0, 0.0, 100.0, 0.0, 100.0, 0.0, 100.0, 0.0, 0.0, 100.0, 100.0, 0.0, 100.0, 0.0, 100.0, 0.0, 100.0, 0.0, 0.0, 100.0, 100.0, 0.0, 100.0, 0.0, 100.0, 100.0, 100.0, 0.0, 0.0, 100.0, 100.0, 0.0, 100.0, 0.0, 0.0]
NSGA-II Datapoints [0.0, 100.0, 0.0, 0.0, 0.0, 100.0, 0.0, 100.0, 0.0, 100.0, 0.0, 100.0, 0.0, 0.0, 0.0, 100.0, 0.0, 100.0, 0.0, 100.0, 0.0, 100.0, 0.0, 0.0, 0.0, 100.0, 0.0, 100.0, 0.0, 100.0, 0.0, 100.0, 0.0, 0.0, 0.0, 100.0, 0.0, 100.0, 0.0, 100.0]
PaiR Avg. 60.0 ## DeepNSGA-II Avg. 47.5 ## NSGA-II Avg. 40.0
PaiR STD. 49.613893835683385 ## DeepNSGA-II STD. 50.57363253408151 ## NSGA-II STD. 49.613893835683385
********************************************************* 
hour: 21
significance (U-test):PaiR / DeepNSGA-II 0.2676064504473754
significance (U-test):PaiR / NSGA-II 0.07638065399186719
VDA: PaiR / DeepNSGA-II 0.5625
VDA: PaiR / NSGA-II 0.6
PaiR Datapoints [0.0, 100.0, 0.0, 100.0, 100.0, 100.0, 0.0, 100.0, 0.0, 100.0, 0.0, 100.0, 0.0, 100.0, 100.0, 100.0, 0.0, 100.0, 0.0, 100.0, 0.0, 100.0, 0.0, 100.0, 100.0, 100.0, 0.0, 100.0, 0.0, 100.0, 0.0, 100.0, 0.0, 100.0, 100.0, 100.0, 0.0, 100.0, 0.0, 100.0]
DeepNSGA-II Datapoints [0.0, 100.0, 0.0, 0.0, 0.0, 100.0, 0.0, 100.0, 0.0, 100.0, 0.0, 100.0, 0.0, 0.0, 100.0, 100.0, 0.0, 100.0, 0.0, 100.0, 0.0, 100.0, 0.0, 0.0, 100.0, 100.0, 0.0, 100.0, 0.0, 100.0, 100.0, 100.0, 0.0, 0.0, 100.0, 100.0, 0.0, 100.0, 0.0, 0.0]
NSGA-II Datapoints [0.0, 100.0, 0.0, 0.0, 0.0, 100.0, 0.0, 100.0, 0.0, 100.0, 0.0, 100.0, 0.0, 0.0, 0.0, 100.0, 0.0, 100.0, 0.0, 100.0, 0.0, 100.0, 0.0, 0.0, 0.0, 100.0, 0.0, 100.0, 0.0, 100.0, 0.0, 100.0, 0.0, 0.0, 0.0, 100.0, 0.0, 100.0, 0.0, 100.0]
PaiR Avg. 60.0 ## DeepNSGA-II Avg. 47.5 ## NSGA-II Avg. 40.0
PaiR STD. 49.613893835683385 ## DeepNSGA-II STD. 50.57363253408151 ## NSGA-II STD. 49.613893835683385
********************************************************* 
hour: 22
significance (U-test):PaiR / DeepNSGA-II 0.2676064504473754
significance (U-test):PaiR / NSGA-II 0.07638065399186719
VDA: PaiR / DeepNSGA-II 0.5625
VDA: PaiR / NSGA-II 0.6
PaiR Datapoints [0.0, 100.0, 0.0, 100.0, 100.0, 100.0, 0.0, 100.0, 0.0, 100.0, 0.0, 100.0, 0.0, 100.0, 100.0, 100.0, 0.0, 100.0, 0.0, 100.0, 0.0, 100.0, 0.0, 100.0, 100.0, 100.0, 0.0, 100.0, 0.0, 100.0, 0.0, 100.0, 0.0, 100.0, 100.0, 100.0, 0.0, 100.0, 0.0, 100.0]
DeepNSGA-II Datapoints [0.0, 100.0, 0.0, 0.0, 0.0, 100.0, 0.0, 100.0, 0.0, 100.0, 0.0, 100.0, 0.0, 0.0, 100.0, 100.0, 0.0, 100.0, 0.0, 100.0, 0.0, 100.0, 0.0, 0.0, 100.0, 100.0, 0.0, 100.0, 0.0, 100.0, 100.0, 100.0, 0.0, 0.0, 100.0, 100.0, 0.0, 100.0, 0.0, 0.0]
NSGA-II Datapoints [0.0, 100.0, 0.0, 0.0, 0.0, 100.0, 0.0, 100.0, 0.0, 100.0, 0.0, 100.0, 0.0, 0.0, 0.0, 100.0, 0.0, 100.0, 0.0, 100.0, 0.0, 100.0, 0.0, 0.0, 0.0, 100.0, 0.0, 100.0, 0.0, 100.0, 0.0, 100.0, 0.0, 0.0, 0.0, 100.0, 0.0, 100.0, 0.0, 100.0]
PaiR Avg. 60.0 ## DeepNSGA-II Avg. 47.5 ## NSGA-II Avg. 40.0
PaiR STD. 49.613893835683385 ## DeepNSGA-II STD. 50.57363253408151 ## NSGA-II STD. 49.613893835683385
********************************************************* 
hour: 23
significance (U-test):PaiR / DeepNSGA-II 0.6571317882402345
significance (U-test):PaiR / NSGA-II 0.07638065399186719
VDA: PaiR / DeepNSGA-II 0.525
VDA: PaiR / NSGA-II 0.6
PaiR Datapoints [0.0, 100.0, 0.0, 100.0, 100.0, 100.0, 0.0, 100.0, 0.0, 100.0, 0.0, 100.0, 0.0, 100.0, 100.0, 100.0, 0.0, 100.0, 0.0, 100.0, 0.0, 100.0, 0.0, 100.0, 100.0, 100.0, 0.0, 100.0, 0.0, 100.0, 0.0, 100.0, 0.0, 100.0, 100.0, 100.0, 0.0, 100.0, 0.0, 100.0]
DeepNSGA-II Datapoints [0.0, 100.0, 0.0, 0.0, 0.0, 100.0, 0.0, 100.0, 0.0, 100.0, 100.0, 100.0, 0.0, 0.0, 100.0, 100.0, 0.0, 100.0, 0.0, 100.0, 100.0, 100.0, 0.0, 0.0, 100.0, 100.0, 0.0, 100.0, 0.0, 100.0, 100.0, 100.0, 0.0, 0.0, 100.0, 100.0, 0.0, 100.0, 0.0, 100.0]
NSGA-II Datapoints [0.0, 100.0, 0.0, 0.0, 0.0, 100.0, 0.0, 100.0, 0.0, 100.0, 0.0, 100.0, 0.0, 0.0, 0.0, 100.0, 0.0, 100.0, 0.0, 100.0, 0.0, 100.0, 0.0, 0.0, 0.0, 100.0, 0.0, 100.0, 0.0, 100.0, 0.0, 100.0, 0.0, 0.0, 0.0, 100.0, 0.0, 100.0, 0.0, 100.0]
PaiR Avg. 60.0 ## DeepNSGA-II Avg. 55.0 ## NSGA-II Avg. 40.0
PaiR STD. 49.613893835683385 ## DeepNSGA-II STD. 50.38314736557789 ## NSGA-II STD. 49.613893835683385
********************************************************* 
hour: 24
significance (U-test):PaiR / DeepNSGA-II 0.1703076776026099
significance (U-test):PaiR / NSGA-II 0.007488356540167818
VDA: PaiR / DeepNSGA-II 0.575
VDA: PaiR / NSGA-II 0.65
PaiR Datapoints [100.0, 100.0, 0.0, 100.0, 100.0, 100.0, 0.0, 100.0, 0.0, 100.0, 100.0, 100.0, 0.0, 100.0, 100.0, 100.0, 0.0, 100.0, 0.0, 100.0, 100.0, 100.0, 0.0, 100.0, 100.0, 100.0, 0.0, 100.0, 0.0, 100.0, 100.0, 100.0, 0.0, 100.0, 100.0, 100.0, 0.0, 100.0, 0.0, 100.0]
DeepNSGA-II Datapoints [0.0, 100.0, 0.0, 0.0, 0.0, 100.0, 0.0, 100.0, 0.0, 100.0, 100.0, 100.0, 0.0, 0.0, 100.0, 100.0, 0.0, 100.0, 0.0, 100.0, 100.0, 100.0, 0.0, 0.0, 100.0, 100.0, 0.0, 100.0, 0.0, 100.0, 100.0, 100.0, 0.0, 0.0, 100.0, 100.0, 0.0, 100.0, 0.0, 100.0]
NSGA-II Datapoints [0.0, 100.0, 0.0, 0.0, 0.0, 100.0, 0.0, 100.0, 0.0, 100.0, 0.0, 100.0, 0.0, 0.0, 0.0, 100.0, 0.0, 100.0, 0.0, 100.0, 0.0, 100.0, 0.0, 0.0, 0.0, 100.0, 0.0, 100.0, 0.0, 100.0, 0.0, 100.0, 0.0, 0.0, 0.0, 100.0, 0.0, 100.0, 0.0, 100.0]
PaiR Avg. 70.0 ## DeepNSGA-II Avg. 55.0 ## NSGA-II Avg. 40.0
PaiR STD. 46.40954808922571 ## DeepNSGA-II STD. 50.38314736557789 ## NSGA-II STD. 49.613893835683385
********************************************************* 
hour: 25
significance (U-test):PaiR / DeepNSGA-II 0.25022599412400015
significance (U-test):PaiR / NSGA-II 0.007488356540167818
VDA: PaiR / DeepNSGA-II 0.5625
VDA: PaiR / NSGA-II 0.65
PaiR Datapoints [100.0, 100.0, 0.0, 100.0, 100.0, 100.0, 0.0, 100.0, 0.0, 100.0, 100.0, 100.0, 0.0, 100.0, 100.0, 100.0, 0.0, 100.0, 0.0, 100.0, 100.0, 100.0, 0.0, 100.0, 100.0, 100.0, 0.0, 100.0, 0.0, 100.0, 100.0, 100.0, 0.0, 100.0, 100.0, 100.0, 0.0, 100.0, 0.0, 100.0]
DeepNSGA-II Datapoints [0.0, 100.0, 0.0, 0.0, 100.0, 100.0, 0.0, 100.0, 0.0, 100.0, 100.0, 100.0, 0.0, 0.0, 100.0, 100.0, 0.0, 100.0, 0.0, 100.0, 100.0, 100.0, 0.0, 0.0, 100.0, 100.0, 0.0, 100.0, 0.0, 100.0, 100.0, 100.0, 0.0, 0.0, 100.0, 100.0, 0.0, 100.0, 0.0, 100.0]
NSGA-II Datapoints [0.0, 100.0, 0.0, 0.0, 0.0, 100.0, 0.0, 100.0, 0.0, 100.0, 0.0, 100.0, 0.0, 0.0, 0.0, 100.0, 0.0, 100.0, 0.0, 100.0, 0.0, 100.0, 0.0, 0.0, 0.0, 100.0, 0.0, 100.0, 0.0, 100.0, 0.0, 100.0, 0.0, 0.0, 0.0, 100.0, 0.0, 100.0, 0.0, 100.0]
PaiR Avg. 70.0 ## DeepNSGA-II Avg. 57.5 ## NSGA-II Avg. 40.0
PaiR STD. 46.40954808922571 ## DeepNSGA-II STD. 50.06406152531231 ## NSGA-II STD. 49.613893835683385
********************************************************* 
hour: 26
significance (U-test):PaiR / DeepNSGA-II 0.25022599412400015
significance (U-test):PaiR / NSGA-II 0.007488356540167818
VDA: PaiR / DeepNSGA-II 0.5625
VDA: PaiR / NSGA-II 0.65
PaiR Datapoints [100.0, 100.0, 0.0, 100.0, 100.0, 100.0, 0.0, 100.0, 0.0, 100.0, 100.0, 100.0, 0.0, 100.0, 100.0, 100.0, 0.0, 100.0, 0.0, 100.0, 100.0, 100.0, 0.0, 100.0, 100.0, 100.0, 0.0, 100.0, 0.0, 100.0, 100.0, 100.0, 0.0, 100.0, 100.0, 100.0, 0.0, 100.0, 0.0, 100.0]
DeepNSGA-II Datapoints [0.0, 100.0, 0.0, 0.0, 100.0, 100.0, 0.0, 100.0, 0.0, 100.0, 100.0, 100.0, 0.0, 0.0, 100.0, 100.0, 0.0, 100.0, 0.0, 100.0, 100.0, 100.0, 0.0, 0.0, 100.0, 100.0, 0.0, 100.0, 0.0, 100.0, 100.0, 100.0, 0.0, 0.0, 100.0, 100.0, 0.0, 100.0, 0.0, 100.0]
NSGA-II Datapoints [0.0, 100.0, 0.0, 0.0, 0.0, 100.0, 0.0, 100.0, 0.0, 100.0, 0.0, 100.0, 0.0, 0.0, 0.0, 100.0, 0.0, 100.0, 0.0, 100.0, 0.0, 100.0, 0.0, 0.0, 0.0, 100.0, 0.0, 100.0, 0.0, 100.0, 0.0, 100.0, 0.0, 0.0, 0.0, 100.0, 0.0, 100.0, 0.0, 100.0]
PaiR Avg. 70.0 ## DeepNSGA-II Avg. 57.5 ## NSGA-II Avg. 40.0
PaiR STD. 46.40954808922571 ## DeepNSGA-II STD. 50.06406152531231 ## NSGA-II STD. 49.613893835683385
********************************************************* 
hour: 27
significance (U-test):PaiR / DeepNSGA-II 0.25022599412400015
significance (U-test):PaiR / NSGA-II 0.007488356540167818
VDA: PaiR / DeepNSGA-II 0.5625
VDA: PaiR / NSGA-II 0.65
PaiR Datapoints [100.0, 100.0, 0.0, 100.0, 100.0, 100.0, 0.0, 100.0, 0.0, 100.0, 100.0, 100.0, 0.0, 100.0, 100.0, 100.0, 0.0, 100.0, 0.0, 100.0, 100.0, 100.0, 0.0, 100.0, 100.0, 100.0, 0.0, 100.0, 0.0, 100.0, 100.0, 100.0, 0.0, 100.0, 100.0, 100.0, 0.0, 100.0, 0.0, 100.0]
DeepNSGA-II Datapoints [0.0, 100.0, 0.0, 0.0, 100.0, 100.0, 0.0, 100.0, 0.0, 100.0, 100.0, 100.0, 0.0, 0.0, 100.0, 100.0, 0.0, 100.0, 0.0, 100.0, 100.0, 100.0, 0.0, 0.0, 100.0, 100.0, 0.0, 100.0, 0.0, 100.0, 100.0, 100.0, 0.0, 0.0, 100.0, 100.0, 0.0, 100.0, 0.0, 100.0]
NSGA-II Datapoints [0.0, 100.0, 0.0, 0.0, 0.0, 100.0, 0.0, 100.0, 0.0, 100.0, 0.0, 100.0, 0.0, 0.0, 0.0, 100.0, 0.0, 100.0, 0.0, 100.0, 0.0, 100.0, 0.0, 0.0, 0.0, 100.0, 0.0, 100.0, 0.0, 100.0, 0.0, 100.0, 0.0, 0.0, 0.0, 100.0, 0.0, 100.0, 0.0, 100.0]
PaiR Avg. 70.0 ## DeepNSGA-II Avg. 57.5 ## NSGA-II Avg. 40.0
PaiR STD. 46.40954808922571 ## DeepNSGA-II STD. 50.06406152531231 ## NSGA-II STD. 49.613893835683385
********************************************************* 
hour: 28
significance (U-test):PaiR / DeepNSGA-II 0.25022599412400015
significance (U-test):PaiR / NSGA-II 0.007488356540167818
VDA: PaiR / DeepNSGA-II 0.5625
VDA: PaiR / NSGA-II 0.65
PaiR Datapoints [100.0, 100.0, 0.0, 100.0, 100.0, 100.0, 0.0, 100.0, 0.0, 100.0, 100.0, 100.0, 0.0, 100.0, 100.0, 100.0, 0.0, 100.0, 0.0, 100.0, 100.0, 100.0, 0.0, 100.0, 100.0, 100.0, 0.0, 100.0, 0.0, 100.0, 100.0, 100.0, 0.0, 100.0, 100.0, 100.0, 0.0, 100.0, 0.0, 100.0]
DeepNSGA-II Datapoints [0.0, 100.0, 0.0, 0.0, 100.0, 100.0, 0.0, 100.0, 0.0, 100.0, 100.0, 100.0, 0.0, 0.0, 100.0, 100.0, 0.0, 100.0, 0.0, 100.0, 100.0, 100.0, 0.0, 0.0, 100.0, 100.0, 0.0, 100.0, 0.0, 100.0, 100.0, 100.0, 0.0, 0.0, 100.0, 100.0, 0.0, 100.0, 0.0, 100.0]
NSGA-II Datapoints [0.0, 100.0, 0.0, 0.0, 0.0, 100.0, 0.0, 100.0, 0.0, 100.0, 0.0, 100.0, 0.0, 0.0, 0.0, 100.0, 0.0, 100.0, 0.0, 100.0, 0.0, 100.0, 0.0, 0.0, 0.0, 100.0, 0.0, 100.0, 0.0, 100.0, 0.0, 100.0, 0.0, 0.0, 0.0, 100.0, 0.0, 100.0, 0.0, 100.0]
PaiR Avg. 70.0 ## DeepNSGA-II Avg. 57.5 ## NSGA-II Avg. 40.0
PaiR STD. 46.40954808922571 ## DeepNSGA-II STD. 50.06406152531231 ## NSGA-II STD. 49.613893835683385
********************************************************* 
hour: 29
significance (U-test):PaiR / DeepNSGA-II 0.25022599412400015
significance (U-test):PaiR / NSGA-II 0.007488356540167818
VDA: PaiR / DeepNSGA-II 0.5625
VDA: PaiR / NSGA-II 0.65
PaiR Datapoints [100.0, 100.0, 0.0, 100.0, 100.0, 100.0, 0.0, 100.0, 0.0, 100.0, 100.0, 100.0, 0.0, 100.0, 100.0, 100.0, 0.0, 100.0, 0.0, 100.0, 100.0, 100.0, 0.0, 100.0, 100.0, 100.0, 0.0, 100.0, 0.0, 100.0, 100.0, 100.0, 0.0, 100.0, 100.0, 100.0, 0.0, 100.0, 0.0, 100.0]
DeepNSGA-II Datapoints [0.0, 100.0, 0.0, 0.0, 100.0, 100.0, 0.0, 100.0, 0.0, 100.0, 100.0, 100.0, 0.0, 0.0, 100.0, 100.0, 0.0, 100.0, 0.0, 100.0, 100.0, 100.0, 0.0, 0.0, 100.0, 100.0, 0.0, 100.0, 0.0, 100.0, 100.0, 100.0, 0.0, 0.0, 100.0, 100.0, 0.0, 100.0, 0.0, 100.0]
NSGA-II Datapoints [0.0, 100.0, 0.0, 0.0, 0.0, 100.0, 0.0, 100.0, 0.0, 100.0, 0.0, 100.0, 0.0, 0.0, 0.0, 100.0, 0.0, 100.0, 0.0, 100.0, 0.0, 100.0, 0.0, 0.0, 0.0, 100.0, 0.0, 100.0, 0.0, 100.0, 0.0, 100.0, 0.0, 0.0, 0.0, 100.0, 0.0, 100.0, 0.0, 100.0]
PaiR Avg. 70.0 ## DeepNSGA-II Avg. 57.5 ## NSGA-II Avg. 40.0
PaiR STD. 46.40954808922571 ## DeepNSGA-II STD. 50.06406152531231 ## NSGA-II STD. 49.613893835683385
********************************************************* 
hour: 30
significance (U-test):PaiR / DeepNSGA-II 0.25022599412400015
significance (U-test):PaiR / NSGA-II 0.007488356540167818
VDA: PaiR / DeepNSGA-II 0.5625
VDA: PaiR / NSGA-II 0.65
PaiR Datapoints [100.0, 100.0, 0.0, 100.0, 100.0, 100.0, 0.0, 100.0, 0.0, 100.0, 100.0, 100.0, 0.0, 100.0, 100.0, 100.0, 0.0, 100.0, 0.0, 100.0, 100.0, 100.0, 0.0, 100.0, 100.0, 100.0, 0.0, 100.0, 0.0, 100.0, 100.0, 100.0, 0.0, 100.0, 100.0, 100.0, 0.0, 100.0, 0.0, 100.0]
DeepNSGA-II Datapoints [0.0, 100.0, 0.0, 0.0, 100.0, 100.0, 0.0, 100.0, 0.0, 100.0, 100.0, 100.0, 0.0, 0.0, 100.0, 100.0, 0.0, 100.0, 0.0, 100.0, 100.0, 100.0, 0.0, 0.0, 100.0, 100.0, 0.0, 100.0, 0.0, 100.0, 100.0, 100.0, 0.0, 0.0, 100.0, 100.0, 0.0, 100.0, 0.0, 100.0]
NSGA-II Datapoints [0.0, 100.0, 0.0, 0.0, 0.0, 100.0, 0.0, 100.0, 0.0, 100.0, 0.0, 100.0, 0.0, 0.0, 0.0, 100.0, 0.0, 100.0, 0.0, 100.0, 0.0, 100.0, 0.0, 0.0, 0.0, 100.0, 0.0, 100.0, 0.0, 100.0, 0.0, 100.0, 0.0, 0.0, 0.0, 100.0, 0.0, 100.0, 0.0, 100.0]
PaiR Avg. 70.0 ## DeepNSGA-II Avg. 57.5 ## NSGA-II Avg. 40.0
PaiR STD. 46.40954808922571 ## DeepNSGA-II STD. 50.06406152531231 ## NSGA-II STD. 49.613893835683385
********************************************************* 
hour: 31
significance (U-test):PaiR / DeepNSGA-II 0.25022599412400015
significance (U-test):PaiR / NSGA-II 0.007488356540167818
VDA: PaiR / DeepNSGA-II 0.5625
VDA: PaiR / NSGA-II 0.65
PaiR Datapoints [100.0, 100.0, 0.0, 100.0, 100.0, 100.0, 0.0, 100.0, 0.0, 100.0, 100.0, 100.0, 0.0, 100.0, 100.0, 100.0, 0.0, 100.0, 0.0, 100.0, 100.0, 100.0, 0.0, 100.0, 100.0, 100.0, 0.0, 100.0, 0.0, 100.0, 100.0, 100.0, 0.0, 100.0, 100.0, 100.0, 0.0, 100.0, 0.0, 100.0]
DeepNSGA-II Datapoints [0.0, 100.0, 0.0, 0.0, 100.0, 100.0, 0.0, 100.0, 0.0, 100.0, 100.0, 100.0, 0.0, 0.0, 100.0, 100.0, 0.0, 100.0, 0.0, 100.0, 100.0, 100.0, 0.0, 0.0, 100.0, 100.0, 0.0, 100.0, 0.0, 100.0, 100.0, 100.0, 0.0, 0.0, 100.0, 100.0, 0.0, 100.0, 0.0, 100.0]
NSGA-II Datapoints [0.0, 100.0, 0.0, 0.0, 0.0, 100.0, 0.0, 100.0, 0.0, 100.0, 0.0, 100.0, 0.0, 0.0, 0.0, 100.0, 0.0, 100.0, 0.0, 100.0, 0.0, 100.0, 0.0, 0.0, 0.0, 100.0, 0.0, 100.0, 0.0, 100.0, 0.0, 100.0, 0.0, 0.0, 0.0, 100.0, 0.0, 100.0, 0.0, 100.0]
PaiR Avg. 70.0 ## DeepNSGA-II Avg. 57.5 ## NSGA-II Avg. 40.0
PaiR STD. 46.40954808922571 ## DeepNSGA-II STD. 50.06406152531231 ## NSGA-II STD. 49.613893835683385
********************************************************* 
hour: 32
significance (U-test):PaiR / DeepNSGA-II 0.25022599412400015
significance (U-test):PaiR / NSGA-II 0.007488356540167818
VDA: PaiR / DeepNSGA-II 0.5625
VDA: PaiR / NSGA-II 0.65
PaiR Datapoints [100.0, 100.0, 0.0, 100.0, 100.0, 100.0, 0.0, 100.0, 0.0, 100.0, 100.0, 100.0, 0.0, 100.0, 100.0, 100.0, 0.0, 100.0, 0.0, 100.0, 100.0, 100.0, 0.0, 100.0, 100.0, 100.0, 0.0, 100.0, 0.0, 100.0, 100.0, 100.0, 0.0, 100.0, 100.0, 100.0, 0.0, 100.0, 0.0, 100.0]
DeepNSGA-II Datapoints [0.0, 100.0, 0.0, 0.0, 100.0, 100.0, 0.0, 100.0, 0.0, 100.0, 100.0, 100.0, 0.0, 0.0, 100.0, 100.0, 0.0, 100.0, 0.0, 100.0, 100.0, 100.0, 0.0, 0.0, 100.0, 100.0, 0.0, 100.0, 0.0, 100.0, 100.0, 100.0, 0.0, 0.0, 100.0, 100.0, 0.0, 100.0, 0.0, 100.0]
NSGA-II Datapoints [0.0, 100.0, 0.0, 0.0, 0.0, 100.0, 0.0, 100.0, 0.0, 100.0, 0.0, 100.0, 0.0, 0.0, 0.0, 100.0, 0.0, 100.0, 0.0, 100.0, 0.0, 100.0, 0.0, 0.0, 0.0, 100.0, 0.0, 100.0, 0.0, 100.0, 0.0, 100.0, 0.0, 0.0, 0.0, 100.0, 0.0, 100.0, 0.0, 100.0]
PaiR Avg. 70.0 ## DeepNSGA-II Avg. 57.5 ## NSGA-II Avg. 40.0
PaiR STD. 46.40954808922571 ## DeepNSGA-II STD. 50.06406152531231 ## NSGA-II STD. 49.613893835683385
********************************************************* 
hour: 33
significance (U-test):PaiR / DeepNSGA-II 0.25022599412400015
significance (U-test):PaiR / NSGA-II 0.007488356540167818
VDA: PaiR / DeepNSGA-II 0.5625
VDA: PaiR / NSGA-II 0.65
PaiR Datapoints [100.0, 100.0, 0.0, 100.0, 100.0, 100.0, 0.0, 100.0, 0.0, 100.0, 100.0, 100.0, 0.0, 100.0, 100.0, 100.0, 0.0, 100.0, 0.0, 100.0, 100.0, 100.0, 0.0, 100.0, 100.0, 100.0, 0.0, 100.0, 0.0, 100.0, 100.0, 100.0, 0.0, 100.0, 100.0, 100.0, 0.0, 100.0, 0.0, 100.0]
DeepNSGA-II Datapoints [0.0, 100.0, 0.0, 0.0, 100.0, 100.0, 0.0, 100.0, 0.0, 100.0, 100.0, 100.0, 0.0, 0.0, 100.0, 100.0, 0.0, 100.0, 0.0, 100.0, 100.0, 100.0, 0.0, 0.0, 100.0, 100.0, 0.0, 100.0, 0.0, 100.0, 100.0, 100.0, 0.0, 0.0, 100.0, 100.0, 0.0, 100.0, 0.0, 100.0]
NSGA-II Datapoints [0.0, 100.0, 0.0, 0.0, 0.0, 100.0, 0.0, 100.0, 0.0, 100.0, 0.0, 100.0, 0.0, 0.0, 0.0, 100.0, 0.0, 100.0, 0.0, 100.0, 0.0, 100.0, 0.0, 0.0, 0.0, 100.0, 0.0, 100.0, 0.0, 100.0, 0.0, 100.0, 0.0, 0.0, 0.0, 100.0, 0.0, 100.0, 0.0, 100.0]
PaiR Avg. 70.0 ## DeepNSGA-II Avg. 57.5 ## NSGA-II Avg. 40.0
PaiR STD. 46.40954808922571 ## DeepNSGA-II STD. 50.06406152531231 ## NSGA-II STD. 49.613893835683385
********************************************************* 
hour: 34
significance (U-test):PaiR / DeepNSGA-II 0.25022599412400015
significance (U-test):PaiR / NSGA-II 0.007488356540167818
VDA: PaiR / DeepNSGA-II 0.5625
VDA: PaiR / NSGA-II 0.65
PaiR Datapoints [100.0, 100.0, 0.0, 100.0, 100.0, 100.0, 0.0, 100.0, 0.0, 100.0, 100.0, 100.0, 0.0, 100.0, 100.0, 100.0, 0.0, 100.0, 0.0, 100.0, 100.0, 100.0, 0.0, 100.0, 100.0, 100.0, 0.0, 100.0, 0.0, 100.0, 100.0, 100.0, 0.0, 100.0, 100.0, 100.0, 0.0, 100.0, 0.0, 100.0]
DeepNSGA-II Datapoints [0.0, 100.0, 0.0, 0.0, 100.0, 100.0, 0.0, 100.0, 0.0, 100.0, 100.0, 100.0, 0.0, 0.0, 100.0, 100.0, 0.0, 100.0, 0.0, 100.0, 100.0, 100.0, 0.0, 0.0, 100.0, 100.0, 0.0, 100.0, 0.0, 100.0, 100.0, 100.0, 0.0, 0.0, 100.0, 100.0, 0.0, 100.0, 0.0, 100.0]
NSGA-II Datapoints [0.0, 100.0, 0.0, 0.0, 0.0, 100.0, 0.0, 100.0, 0.0, 100.0, 0.0, 100.0, 0.0, 0.0, 0.0, 100.0, 0.0, 100.0, 0.0, 100.0, 0.0, 100.0, 0.0, 0.0, 0.0, 100.0, 0.0, 100.0, 0.0, 100.0, 0.0, 100.0, 0.0, 0.0, 0.0, 100.0, 0.0, 100.0, 0.0, 100.0]
PaiR Avg. 70.0 ## DeepNSGA-II Avg. 57.5 ## NSGA-II Avg. 40.0
PaiR STD. 46.40954808922571 ## DeepNSGA-II STD. 50.06406152531231 ## NSGA-II STD. 49.613893835683385
********************************************************* 
hour: 35
significance (U-test):PaiR / DeepNSGA-II 0.25022599412400015
significance (U-test):PaiR / NSGA-II 0.007488356540167818
VDA: PaiR / DeepNSGA-II 0.5625
VDA: PaiR / NSGA-II 0.65
PaiR Datapoints [100.0, 100.0, 0.0, 100.0, 100.0, 100.0, 0.0, 100.0, 0.0, 100.0, 100.0, 100.0, 0.0, 100.0, 100.0, 100.0, 0.0, 100.0, 0.0, 100.0, 100.0, 100.0, 0.0, 100.0, 100.0, 100.0, 0.0, 100.0, 0.0, 100.0, 100.0, 100.0, 0.0, 100.0, 100.0, 100.0, 0.0, 100.0, 0.0, 100.0]
DeepNSGA-II Datapoints [0.0, 100.0, 0.0, 0.0, 100.0, 100.0, 0.0, 100.0, 0.0, 100.0, 100.0, 100.0, 0.0, 0.0, 100.0, 100.0, 0.0, 100.0, 0.0, 100.0, 100.0, 100.0, 0.0, 0.0, 100.0, 100.0, 0.0, 100.0, 0.0, 100.0, 100.0, 100.0, 0.0, 0.0, 100.0, 100.0, 0.0, 100.0, 0.0, 100.0]
NSGA-II Datapoints [0.0, 100.0, 0.0, 0.0, 0.0, 100.0, 0.0, 100.0, 0.0, 100.0, 0.0, 100.0, 0.0, 0.0, 0.0, 100.0, 0.0, 100.0, 0.0, 100.0, 0.0, 100.0, 0.0, 0.0, 0.0, 100.0, 0.0, 100.0, 0.0, 100.0, 0.0, 100.0, 0.0, 0.0, 0.0, 100.0, 0.0, 100.0, 0.0, 100.0]
PaiR Avg. 70.0 ## DeepNSGA-II Avg. 57.5 ## NSGA-II Avg. 40.0
PaiR STD. 46.40954808922571 ## DeepNSGA-II STD. 50.06406152531231 ## NSGA-II STD. 49.613893835683385
********************************************************* 
hour: 36
significance (U-test):PaiR / DeepNSGA-II 0.25022599412400015
significance (U-test):PaiR / NSGA-II 0.007488356540167818
VDA: PaiR / DeepNSGA-II 0.5625
VDA: PaiR / NSGA-II 0.65
PaiR Datapoints [100.0, 100.0, 0.0, 100.0, 100.0, 100.0, 0.0, 100.0, 0.0, 100.0, 100.0, 100.0, 0.0, 100.0, 100.0, 100.0, 0.0, 100.0, 0.0, 100.0, 100.0, 100.0, 0.0, 100.0, 100.0, 100.0, 0.0, 100.0, 0.0, 100.0, 100.0, 100.0, 0.0, 100.0, 100.0, 100.0, 0.0, 100.0, 0.0, 100.0]
DeepNSGA-II Datapoints [0.0, 100.0, 0.0, 0.0, 100.0, 100.0, 0.0, 100.0, 0.0, 100.0, 100.0, 100.0, 0.0, 0.0, 100.0, 100.0, 0.0, 100.0, 0.0, 100.0, 100.0, 100.0, 0.0, 0.0, 100.0, 100.0, 0.0, 100.0, 0.0, 100.0, 100.0, 100.0, 0.0, 0.0, 100.0, 100.0, 0.0, 100.0, 0.0, 100.0]
NSGA-II Datapoints [0.0, 100.0, 0.0, 0.0, 0.0, 100.0, 0.0, 100.0, 0.0, 100.0, 0.0, 100.0, 0.0, 0.0, 0.0, 100.0, 0.0, 100.0, 0.0, 100.0, 0.0, 100.0, 0.0, 0.0, 0.0, 100.0, 0.0, 100.0, 0.0, 100.0, 0.0, 100.0, 0.0, 0.0, 0.0, 100.0, 0.0, 100.0, 0.0, 100.0]
PaiR Avg. 70.0 ## DeepNSGA-II Avg. 57.5 ## NSGA-II Avg. 40.0
PaiR STD. 46.40954808922571 ## DeepNSGA-II STD. 50.06406152531231 ## NSGA-II STD. 49.613893835683385
********************************************************* 
hour: 37
significance (U-test):PaiR / DeepNSGA-II 0.35449140596786877
significance (U-test):PaiR / NSGA-II 0.007488356540167818
VDA: PaiR / DeepNSGA-II 0.55
VDA: PaiR / NSGA-II 0.65
PaiR Datapoints [100.0, 100.0, 0.0, 100.0, 100.0, 100.0, 0.0, 100.0, 0.0, 100.0, 100.0, 100.0, 0.0, 100.0, 100.0, 100.0, 0.0, 100.0, 0.0, 100.0, 100.0, 100.0, 0.0, 100.0, 100.0, 100.0, 0.0, 100.0, 0.0, 100.0, 100.0, 100.0, 0.0, 100.0, 100.0, 100.0, 0.0, 100.0, 0.0, 100.0]
DeepNSGA-II Datapoints [100.0, 100.0, 0.0, 0.0, 100.0, 100.0, 0.0, 100.0, 0.0, 100.0, 100.0, 100.0, 0.0, 0.0, 100.0, 100.0, 0.0, 100.0, 0.0, 100.0, 100.0, 100.0, 0.0, 0.0, 100.0, 100.0, 0.0, 100.0, 0.0, 100.0, 100.0, 100.0, 0.0, 0.0, 100.0, 100.0, 0.0, 100.0, 0.0, 100.0]
NSGA-II Datapoints [0.0, 100.0, 0.0, 0.0, 0.0, 100.0, 0.0, 100.0, 0.0, 100.0, 0.0, 100.0, 0.0, 0.0, 0.0, 100.0, 0.0, 100.0, 0.0, 100.0, 0.0, 100.0, 0.0, 0.0, 0.0, 100.0, 0.0, 100.0, 0.0, 100.0, 0.0, 100.0, 0.0, 0.0, 0.0, 100.0, 0.0, 100.0, 0.0, 100.0]
PaiR Avg. 70.0 ## DeepNSGA-II Avg. 60.0 ## NSGA-II Avg. 40.0
PaiR STD. 46.40954808922571 ## DeepNSGA-II STD. 49.613893835683385 ## NSGA-II STD. 49.613893835683385
********************************************************* 
hour: 38
significance (U-test):PaiR / DeepNSGA-II 0.35449140596786877
significance (U-test):PaiR / NSGA-II 0.007488356540167818
VDA: PaiR / DeepNSGA-II 0.55
VDA: PaiR / NSGA-II 0.65
PaiR Datapoints [100.0, 100.0, 0.0, 100.0, 100.0, 100.0, 0.0, 100.0, 0.0, 100.0, 100.0, 100.0, 0.0, 100.0, 100.0, 100.0, 0.0, 100.0, 0.0, 100.0, 100.0, 100.0, 0.0, 100.0, 100.0, 100.0, 0.0, 100.0, 0.0, 100.0, 100.0, 100.0, 0.0, 100.0, 100.0, 100.0, 0.0, 100.0, 0.0, 100.0]
DeepNSGA-II Datapoints [100.0, 100.0, 0.0, 0.0, 100.0, 100.0, 0.0, 100.0, 0.0, 100.0, 100.0, 100.0, 0.0, 0.0, 100.0, 100.0, 0.0, 100.0, 0.0, 100.0, 100.0, 100.0, 0.0, 0.0, 100.0, 100.0, 0.0, 100.0, 0.0, 100.0, 100.0, 100.0, 0.0, 0.0, 100.0, 100.0, 0.0, 100.0, 0.0, 100.0]
NSGA-II Datapoints [0.0, 100.0, 0.0, 0.0, 0.0, 100.0, 0.0, 100.0, 0.0, 100.0, 0.0, 100.0, 0.0, 0.0, 0.0, 100.0, 0.0, 100.0, 0.0, 100.0, 0.0, 100.0, 0.0, 0.0, 0.0, 100.0, 0.0, 100.0, 0.0, 100.0, 0.0, 100.0, 0.0, 0.0, 0.0, 100.0, 0.0, 100.0, 0.0, 100.0]
PaiR Avg. 70.0 ## DeepNSGA-II Avg. 60.0 ## NSGA-II Avg. 40.0
PaiR STD. 46.40954808922571 ## DeepNSGA-II STD. 49.613893835683385 ## NSGA-II STD. 49.613893835683385
********************************************************* 
hour: 39
significance (U-test):PaiR / DeepNSGA-II 0.35449140596786877
significance (U-test):PaiR / NSGA-II 0.007488356540167818
VDA: PaiR / DeepNSGA-II 0.55
VDA: PaiR / NSGA-II 0.65
PaiR Datapoints [100.0, 100.0, 0.0, 100.0, 100.0, 100.0, 0.0, 100.0, 0.0, 100.0, 100.0, 100.0, 0.0, 100.0, 100.0, 100.0, 0.0, 100.0, 0.0, 100.0, 100.0, 100.0, 0.0, 100.0, 100.0, 100.0, 0.0, 100.0, 0.0, 100.0, 100.0, 100.0, 0.0, 100.0, 100.0, 100.0, 0.0, 100.0, 0.0, 100.0]
DeepNSGA-II Datapoints [100.0, 100.0, 0.0, 0.0, 100.0, 100.0, 0.0, 100.0, 0.0, 100.0, 100.0, 100.0, 0.0, 0.0, 100.0, 100.0, 0.0, 100.0, 0.0, 100.0, 100.0, 100.0, 0.0, 0.0, 100.0, 100.0, 0.0, 100.0, 0.0, 100.0, 100.0, 100.0, 0.0, 0.0, 100.0, 100.0, 0.0, 100.0, 0.0, 100.0]
NSGA-II Datapoints [0.0, 100.0, 0.0, 0.0, 0.0, 100.0, 0.0, 100.0, 0.0, 100.0, 0.0, 100.0, 0.0, 0.0, 0.0, 100.0, 0.0, 100.0, 0.0, 100.0, 0.0, 100.0, 0.0, 0.0, 0.0, 100.0, 0.0, 100.0, 0.0, 100.0, 0.0, 100.0, 0.0, 0.0, 0.0, 100.0, 0.0, 100.0, 0.0, 100.0]
PaiR Avg. 70.0 ## DeepNSGA-II Avg. 60.0 ## NSGA-II Avg. 40.0
PaiR STD. 46.40954808922571 ## DeepNSGA-II STD. 49.613893835683385 ## NSGA-II STD. 49.613893835683385
********************************************************* 
hour: 40
significance (U-test):PaiR / DeepNSGA-II 0.35449140596786877
significance (U-test):PaiR / NSGA-II 0.007488356540167818
VDA: PaiR / DeepNSGA-II 0.55
VDA: PaiR / NSGA-II 0.65
PaiR Datapoints [100.0, 100.0, 0.0, 100.0, 100.0, 100.0, 0.0, 100.0, 0.0, 100.0, 100.0, 100.0, 0.0, 100.0, 100.0, 100.0, 0.0, 100.0, 0.0, 100.0, 100.0, 100.0, 0.0, 100.0, 100.0, 100.0, 0.0, 100.0, 0.0, 100.0, 100.0, 100.0, 0.0, 100.0, 100.0, 100.0, 0.0, 100.0, 0.0, 100.0]
DeepNSGA-II Datapoints [100.0, 100.0, 0.0, 0.0, 100.0, 100.0, 0.0, 100.0, 0.0, 100.0, 100.0, 100.0, 0.0, 0.0, 100.0, 100.0, 0.0, 100.0, 0.0, 100.0, 100.0, 100.0, 0.0, 0.0, 100.0, 100.0, 0.0, 100.0, 0.0, 100.0, 100.0, 100.0, 0.0, 0.0, 100.0, 100.0, 0.0, 100.0, 0.0, 100.0]
NSGA-II Datapoints [0.0, 100.0, 0.0, 0.0, 0.0, 100.0, 0.0, 100.0, 0.0, 100.0, 0.0, 100.0, 0.0, 0.0, 0.0, 100.0, 0.0, 100.0, 0.0, 100.0, 0.0, 100.0, 0.0, 0.0, 0.0, 100.0, 0.0, 100.0, 0.0, 100.0, 0.0, 100.0, 0.0, 0.0, 0.0, 100.0, 0.0, 100.0, 0.0, 100.0]
PaiR Avg. 70.0 ## DeepNSGA-II Avg. 60.0 ## NSGA-II Avg. 40.0
PaiR STD. 46.40954808922571 ## DeepNSGA-II STD. 49.613893835683385 ## NSGA-II STD. 49.613893835683385
********************************************************* 
