hour: 1
significance (U-test):PaiR / DeepNSGA-II 1.0
significance (U-test):PaiR / NSGA-II 1.0
VDA: PaiR / DeepNSGA-II 0.5
VDA: PaiR / NSGA-II 0.5
PaiR Datapoints [0.0, 0.0, 0.0, 0.0, 0.0, 0.0, 0.0, 0.0, 0.0, 0.0, 0.0, 0.0, 0.0, 0.0, 0.0, 0.0, 0.0, 0.0, 0.0, 0.0, 0.0, 0.0, 0.0, 0.0, 0.0, 0.0, 0.0, 0.0, 0.0, 0.0, 0.0, 0.0, 0.0, 0.0, 0.0, 0.0, 0.0, 0.0, 0.0, 0.0]
DeepNSGA-II Datapoints [0.0, 0.0, 0.0, 0.0, 0.0, 0.0, 0.0, 0.0, 0.0, 0.0, 0.0, 0.0, 0.0, 0.0, 0.0, 0.0, 0.0, 0.0, 0.0, 0.0, 0.0, 0.0, 0.0, 0.0, 0.0, 0.0, 0.0, 0.0, 0.0, 0.0, 0.0, 0.0, 0.0, 0.0, 0.0, 0.0, 0.0, 0.0, 0.0, 0.0]
NSGA-II Datapoints [0.0, 0.0, 0.0, 0.0, 0.0, 0.0, 0.0, 0.0, 0.0, 0.0, 0.0, 0.0, 0.0, 0.0, 0.0, 0.0, 0.0, 0.0, 0.0, 0.0, 0.0, 0.0, 0.0, 0.0, 0.0, 0.0, 0.0, 0.0, 0.0, 0.0, 0.0, 0.0, 0.0, 0.0, 0.0, 0.0, 0.0, 0.0, 0.0, 0.0]
PaiR Avg. 0.0 ## DeepNSGA-II Avg. 0.0 ## NSGA-II Avg. 0.0
PaiR STD. 0.0 ## DeepNSGA-II STD. 0.0 ## NSGA-II STD. 0.0
********************************************************* 
hour: 2
significance (U-test):PaiR / DeepNSGA-II 1.0
significance (U-test):PaiR / NSGA-II 1.0
VDA: PaiR / DeepNSGA-II 0.5
VDA: PaiR / NSGA-II 0.5
PaiR Datapoints [0.0, 0.0, 0.0, 0.0, 0.0, 0.0, 0.0, 0.0, 0.0, 0.0, 0.0, 0.0, 0.0, 0.0, 0.0, 0.0, 0.0, 0.0, 0.0, 0.0, 0.0, 0.0, 0.0, 0.0, 0.0, 0.0, 0.0, 0.0, 0.0, 0.0, 0.0, 0.0, 0.0, 0.0, 0.0, 0.0, 0.0, 0.0, 0.0, 0.0]
DeepNSGA-II Datapoints [0.0, 0.0, 0.0, 0.0, 0.0, 0.0, 0.0, 0.0, 0.0, 0.0, 0.0, 0.0, 0.0, 0.0, 0.0, 0.0, 0.0, 0.0, 0.0, 0.0, 0.0, 0.0, 0.0, 0.0, 0.0, 0.0, 0.0, 0.0, 0.0, 0.0, 0.0, 0.0, 0.0, 0.0, 0.0, 0.0, 0.0, 0.0, 0.0, 0.0]
NSGA-II Datapoints [0.0, 0.0, 0.0, 0.0, 0.0, 0.0, 0.0, 0.0, 0.0, 0.0, 0.0, 0.0, 0.0, 0.0, 0.0, 0.0, 0.0, 0.0, 0.0, 0.0, 0.0, 0.0, 0.0, 0.0, 0.0, 0.0, 0.0, 0.0, 0.0, 0.0, 0.0, 0.0, 0.0, 0.0, 0.0, 0.0, 0.0, 0.0, 0.0, 0.0]
PaiR Avg. 0.0 ## DeepNSGA-II Avg. 0.0 ## NSGA-II Avg. 0.0
PaiR STD. 0.0 ## DeepNSGA-II STD. 0.0 ## NSGA-II STD. 0.0
********************************************************* 
hour: 3
significance (U-test):PaiR / DeepNSGA-II 0.042729205065331344
significance (U-test):PaiR / NSGA-II 0.042729205065331344
VDA: PaiR / DeepNSGA-II 0.55
VDA: PaiR / NSGA-II 0.55
PaiR Datapoints [0.0, 0.0, 0.0, 0.0, 0.0, 0.0, 0.0, 0.008560485775747834, 0.0, 0.0, 0.0, 0.0, 0.0, 0.0, 0.0, 0.0, 0.0, 0.008560485775747834, 0.0, 0.0, 0.0, 0.0, 0.0, 0.0, 0.0, 0.0, 0.0, 0.008560485775747834, 0.0, 0.0, 0.0, 0.0, 0.0, 0.0, 0.0, 0.0, 0.0, 0.008560485775747834, 0.0, 0.0]
DeepNSGA-II Datapoints [0.0, 0.0, 0.0, 0.0, 0.0, 0.0, 0.0, 0.0, 0.0, 0.0, 0.0, 0.0, 0.0, 0.0, 0.0, 0.0, 0.0, 0.0, 0.0, 0.0, 0.0, 0.0, 0.0, 0.0, 0.0, 0.0, 0.0, 0.0, 0.0, 0.0, 0.0, 0.0, 0.0, 0.0, 0.0, 0.0, 0.0, 0.0, 0.0, 0.0]
NSGA-II Datapoints [0.0, 0.0, 0.0, 0.0, 0.0, 0.0, 0.0, 0.0, 0.0, 0.0, 0.0, 0.0, 0.0, 0.0, 0.0, 0.0, 0.0, 0.0, 0.0, 0.0, 0.0, 0.0, 0.0, 0.0, 0.0, 0.0, 0.0, 0.0, 0.0, 0.0, 0.0, 0.0, 0.0, 0.0, 0.0, 0.0, 0.0, 0.0, 0.0, 0.0]
PaiR Avg. 0.0008560485775747833 ## DeepNSGA-II Avg. 0.0 ## NSGA-II Avg. 0.0
PaiR STD. 0.0026008622839378778 ## DeepNSGA-II STD. 0.0 ## NSGA-II STD. 0.0
********************************************************* 
hour: 4
significance (U-test):PaiR / DeepNSGA-II 0.061755527437108514
significance (U-test):PaiR / NSGA-II 0.0031841280112012223
VDA: PaiR / DeepNSGA-II 0.57
VDA: PaiR / NSGA-II 0.6
PaiR Datapoints [0.0, 0.0, 0.0, 0.0, 0.0, 0.0, 0.0, 0.005809585821404808, 0.0, 0.003929364513562517, 0.0, 0.0, 0.0, 0.0, 0.0, 0.0, 0.0, 0.005809585821404808, 0.0, 0.003929364513562517, 0.0, 0.0, 0.0, 0.0, 0.0, 0.0, 0.0, 0.005809585821404808, 0.0, 0.003929364513562517, 0.0, 0.0, 0.0, 0.0, 0.0, 0.0, 0.0, 0.005809585821404808, 0.0, 0.003929364513562517]
DeepNSGA-II Datapoints [0.0, 0.0, 0.0, 0.0, 0.0, 0.0, 0.0, 0.03673055713391012, 0.0, 0.0, 0.0, 0.0, 0.0, 0.0, 0.0, 0.0, 0.0, 0.02641467405171267, 0.0, 0.0, 0.0, 0.0, 0.0, 0.0, 0.0, 0.0, 0.0, 0.0, 0.0, 0.0, 0.0, 0.0, 0.0, 0.0, 0.0, 0.0, 0.0, 0.0, 0.0, 0.0]
NSGA-II Datapoints [0.0, 0.0, 0.0, 0.0, 0.0, 0.0, 0.0, 0.0, 0.0, 0.0, 0.0, 0.0, 0.0, 0.0, 0.0, 0.0, 0.0, 0.0, 0.0, 0.0, 0.0, 0.0, 0.0, 0.0, 0.0, 0.0, 0.0, 0.0, 0.0, 0.0, 0.0, 0.0, 0.0, 0.0, 0.0, 0.0, 0.0, 0.0, 0.0, 0.0]
PaiR Avg. 0.0009738950334967324 ## DeepNSGA-II Avg. 0.0015786307796405697 ## NSGA-II Avg. 0.0
PaiR STD. 0.0020180335067233315 ## DeepNSGA-II STD. 0.00706596360875276 ## NSGA-II STD. 0.0
********************************************************* 
hour: 5
significance (U-test):PaiR / DeepNSGA-II 0.15947463114431437
significance (U-test):PaiR / NSGA-II 0.0031841280112012223
VDA: PaiR / DeepNSGA-II 0.555
VDA: PaiR / NSGA-II 0.6
PaiR Datapoints [0.0, 0.0, 0.0, 0.0, 0.0, 0.0, 0.0, 0.005402051102514495, 0.0, 0.0029753996748486666, 0.0, 0.0, 0.0, 0.0, 0.0, 0.0, 0.0, 0.005402051102514495, 0.0, 0.0029753996748486666, 0.0, 0.0, 0.0, 0.0, 0.0, 0.0, 0.0, 0.005402051102514495, 0.0, 0.0029753996748486666, 0.0, 0.0, 0.0, 0.0, 0.0, 0.0, 0.0, 0.005402051102514495, 0.0, 0.0029753996748486666]
DeepNSGA-II Datapoints [0.0, 0.0, 0.0, 0.0, 0.0, 0.0, 0.0, 0.03673055713391012, 0.0, 0.0, 0.0, 0.0, 0.0, 0.0, 0.0, 0.043702245630348927, 0.0, 0.02641467405171267, 0.0, 0.0, 0.0, 0.0, 0.0, 0.0, 0.0, 0.0, 0.0, 0.0, 0.0, 0.0, 0.0, 0.0, 0.0, 0.0, 0.0, 0.0, 0.0, 0.0, 0.0, 0.0]
NSGA-II Datapoints [0.0, 0.0, 0.0, 0.0, 0.0, 0.0, 0.0, 0.0, 0.0, 0.0, 0.0, 0.0, 0.0, 0.0, 0.0, 0.0, 0.0, 0.0, 0.0, 0.0, 0.0, 0.0, 0.0, 0.0, 0.0, 0.0, 0.0, 0.0, 0.0, 0.0, 0.0, 0.0, 0.0, 0.0, 0.0, 0.0, 0.0, 0.0, 0.0, 0.0]
PaiR Avg. 0.0008377450777363162 ## DeepNSGA-II Avg. 0.002671186920399293 ## NSGA-II Avg. 0.0
PaiR STD. 0.0017836002537809652 ## DeepNSGA-II STD. 0.009702425712045258 ## NSGA-II STD. 0.0
********************************************************* 
hour: 6
significance (U-test):PaiR / DeepNSGA-II 0.12836187556028691
significance (U-test):PaiR / NSGA-II 0.3957530551765245
VDA: PaiR / DeepNSGA-II 0.5725
VDA: PaiR / NSGA-II 0.45500000000000007
PaiR Datapoints [0.0, 0.0, 0.0, 0.0, 0.0, 0.058254773537216864, 0.0, 0.003108320804243715, 0.0, 0.003520915091093205, 0.0, 0.0, 0.0, 0.0, 0.0, 0.058254773537216864, 0.0, 0.003108320804243715, 0.0, 0.003520915091093205, 0.0, 0.0, 0.0, 0.0, 0.0, 0.058254773537216864, 0.0, 0.003108320804243715, 0.0, 0.003520915091093205, 0.0, 0.0, 0.0, 0.0, 0.0, 0.058254773537216864, 0.0, 0.003108320804243715, 0.0, 0.003520915091093205]
DeepNSGA-II Datapoints [0.0, 0.0, 0.0, 0.0, 0.0, 0.0, 0.0, 0.02356638436302821, 0.0, 0.002919386039332174, 0.0, 0.035414442199378296, 0.0, 0.0, 0.0, 0.043702245630348927, 0.0, 0.02641467405171267, 0.0, 0.0, 0.0, 0.0, 0.0, 0.0, 0.0, 0.0, 0.0, 0.0, 0.0, 0.0, 0.0, 0.0, 0.0, 0.0, 0.0, 0.011645365286337687, 0.0, 0.0, 0.0, 0.0]
NSGA-II Datapoints [0.0, 0.12317923400942861, 0.0, 0.0, 0.0, 0.0, 0.0, 0.1691512573555837, 0.0, 0.07887406532030622, 0.0, 0.12317923400942861, 0.0, 0.0, 0.0, 0.0, 0.0, 0.1691512573555837, 0.0, 0.07887406532030622, 0.0, 0.12317923400942861, 0.0, 0.0, 0.0, 0.0, 0.0, 0.1691512573555837, 0.0, 0.07887406532030622, 0.0, 0.12317923400942861, 0.0, 0.0, 0.0, 0.0, 0.0, 0.1691512573555837, 0.0, 0.07887406532030622]
PaiR Avg. 0.006488400943255379 ## DeepNSGA-II Avg. 0.003591562439253449 ## NSGA-II Avg. 0.03712045566853185
PaiR STD. 0.017525611070713952 ## DeepNSGA-II STD. 0.010184632697239227 ## NSGA-II STD. 0.06095572789886286
********************************************************* 
hour: 7
significance (U-test):PaiR / DeepNSGA-II 0.034477674591161016
significance (U-test):PaiR / NSGA-II 0.6055080680953542
VDA: PaiR / DeepNSGA-II 0.61
VDA: PaiR / NSGA-II 0.4699999999999999
PaiR Datapoints [0.0, 0.1164139506072772, 0.0, 0.0, 0.0, 0.037556695702614336, 0.0, 0.001720425007393268, 0.0, 0.0026793331965947373, 0.0, 0.1164139506072772, 0.0, 0.0, 0.0, 0.037556695702614336, 0.0, 0.001720425007393268, 0.0, 0.0026793331965947373, 0.0, 0.1164139506072772, 0.0, 0.0, 0.0, 0.037556695702614336, 0.0, 0.001720425007393268, 0.0, 0.0026793331965947373, 0.0, 0.1164139506072772, 0.0, 0.0, 0.0, 0.037556695702614336, 0.0, 0.001720425007393268, 0.0, 0.0026793331965947373]
DeepNSGA-II Datapoints [0.0, 0.0, 0.0, 0.0, 0.0, 0.0, 0.0, 0.02356638436302821, 0.0, 0.002919386039332174, 0.0, 0.035414442199378296, 0.0, 0.0, 0.0, 0.043702245630348927, 0.0, 0.02641467405171267, 0.0, 0.0, 0.0, 0.0, 0.0, 0.0, 0.0, 0.0, 0.0, 0.0, 0.0, 0.0, 0.0, 0.0, 0.0, 0.0, 0.0, 0.011645365286337687, 0.0, 0.02346075180881785, 0.0, 0.0]
NSGA-II Datapoints [0.0, 0.11583167855580637, 0.0, 0.0, 0.0, 0.02050244031295405, 0.0, 0.11032176196845384, 0.0, 0.0740354100595308, 0.0, 0.11583167855580637, 0.0, 0.0, 0.0, 0.02050244031295405, 0.0, 0.11032176196845384, 0.0, 0.0740354100595308, 0.0, 0.11583167855580637, 0.0, 0.0, 0.0, 0.02050244031295405, 0.0, 0.11032176196845384, 0.0, 0.0740354100595308, 0.0, 0.11583167855580637, 0.0, 0.0, 0.0, 0.02050244031295405, 0.0, 0.11032176196845384, 0.0, 0.0740354100595308]
PaiR Avg. 0.015837040451387955 ## DeepNSGA-II Avg. 0.004178081234473895 ## NSGA-II Avg. 0.032069129089674506
PaiR STD. 0.03575519825802318 ## DeepNSGA-II STD. 0.010637943913413089 ## NSGA-II STD. 0.046635708247636326
********************************************************* 
hour: 8
significance (U-test):PaiR / DeepNSGA-II 0.016960204715929083
significance (U-test):PaiR / NSGA-II 0.6164377301205431
VDA: PaiR / DeepNSGA-II 0.63375
VDA: PaiR / NSGA-II 0.4699999999999999
PaiR Datapoints [0.0, 0.07730209619950498, 0.0, 0.0, 0.005627126591797982, 0.030827904194153353, 0.0, 0.0017575741854146982, 0.0, 0.005733894568775791, 0.0, 0.07730209619950498, 0.0, 0.0, 0.005627126591797982, 0.030827904194153353, 0.0, 0.0017575741854146982, 0.0, 0.005733894568775791, 0.0, 0.07730209619950498, 0.0, 0.0, 0.005627126591797982, 0.030827904194153353, 0.0, 0.0017575741854146982, 0.0, 0.005733894568775791, 0.0, 0.07730209619950498, 0.0, 0.0, 0.005627126591797982, 0.030827904194153353, 0.0, 0.0017575741854146982, 0.0, 0.005733894568775791]
DeepNSGA-II Datapoints [0.0, 0.0, 0.0, 0.0, 0.0, 0.004464842173132742, 0.0, 0.021740396464075794, 0.0, 0.002919386039332174, 0.0, 0.026026215948875626, 0.0, 0.0, 0.014933500186016314, 0.043702245630348927, 0.0, 0.02641467405171267, 0.0, 0.0, 0.0, 0.0, 0.0, 0.0, 0.0, 0.0, 0.0, 0.0, 0.0, 0.0, 0.0, 0.0, 0.0, 0.0, 0.0, 0.011645365286337687, 0.0, 0.02346075180881785, 0.0, 0.0]
NSGA-II Datapoints [0.0, 0.08131782554296273, 0.0, 0.0, 0.0, 0.03503487540024274, 0.0, 0.17974594954955417, 0.0, 0.07022162476816265, 0.0, 0.08131782554296273, 0.0, 0.0, 0.0, 0.03503487540024274, 0.0, 0.17974594954955417, 0.0, 0.07022162476816265, 0.0, 0.08131782554296273, 0.0, 0.0, 0.0, 0.03503487540024274, 0.0, 0.17974594954955417, 0.0, 0.07022162476816265, 0.0, 0.08131782554296273, 0.0, 0.0, 0.0, 0.03503487540024274, 0.0, 0.17974594954955417, 0.0, 0.07022162476816265]
PaiR Avg. 0.012124859573964683 ## DeepNSGA-II Avg. 0.004382684439716245 ## NSGA-II Avg. 0.03663202752609222
PaiR STD. 0.02380149257242017 ## DeepNSGA-II STD. 0.01003430217300995 ## NSGA-II STD. 0.056984622130008857
********************************************************* 
hour: 9
significance (U-test):PaiR / DeepNSGA-II 0.06949089858489808
significance (U-test):PaiR / NSGA-II 0.8701615177466983
VDA: PaiR / DeepNSGA-II 0.60375
VDA: PaiR / NSGA-II 0.49000000000000005
PaiR Datapoints [0.0, 0.09218084493243386, 0.0, 0.0, 0.006162339399807963, 0.02962854934463123, 0.0, 0.002120970583533151, 0.0, 0.007069202523557607, 0.0, 0.09218084493243386, 0.0, 0.0, 0.006162339399807963, 0.02962854934463123, 0.0, 0.002120970583533151, 0.0, 0.007069202523557607, 0.0, 0.09218084493243386, 0.0, 0.0, 0.006162339399807963, 0.02962854934463123, 0.0, 0.002120970583533151, 0.0, 0.007069202523557607, 0.0, 0.09218084493243386, 0.0, 0.0, 0.006162339399807963, 0.02962854934463123, 0.0, 0.002120970583533151, 0.0, 0.007069202523557607]
DeepNSGA-II Datapoints [0.0, 0.02999750000796379, 0.0, 0.0, 0.0, 0.004464842173132742, 0.0, 0.021740396464075794, 0.0, 0.002919386039332174, 0.0, 0.026026215948875626, 0.0, 0.0, 0.014933500186016314, 0.043702245630348927, 0.0, 0.02641467405171267, 0.0, 0.0, 0.0, 0.0, 0.0, 0.0, 0.0, 0.0, 0.0, 0.00832473335887951, 0.0, 0.0, 0.0, 0.0, 0.0, 0.0, 0.0, 0.011645365286337687, 0.0, 0.02346075180881785, 0.0, 0.0]
NSGA-II Datapoints [0.0, 0.06280218250044173, 0.0, 0.0, 0.0, 0.04368072553081061, 0.0, 0.08093256024917721, 0.0, 0.04219628210582516, 0.0, 0.06280218250044173, 0.0, 0.0, 0.0, 0.04368072553081061, 0.0, 0.08093256024917721, 0.0, 0.04219628210582516, 0.0, 0.06280218250044173, 0.0, 0.0, 0.0, 0.04368072553081061, 0.0, 0.08093256024917721, 0.0, 0.04219628210582516, 0.0, 0.06280218250044173, 0.0, 0.0, 0.0, 0.04368072553081061, 0.0, 0.08093256024917721, 0.0, 0.04219628210582516]
PaiR Avg. 0.013716190678396379 ## DeepNSGA-II Avg. 0.005340740273887328 ## NSGA-II Avg. 0.022961175038625468
PaiR STD. 0.027894061143266997 ## DeepNSGA-II STD. 0.010769531362677644 ## NSGA-II STD. 0.03023085509908608
********************************************************* 
hour: 10
significance (U-test):PaiR / DeepNSGA-II 0.19024980374629574
significance (U-test):PaiR / NSGA-II 0.8701615177466983
VDA: PaiR / DeepNSGA-II 0.5762499999999999
VDA: PaiR / NSGA-II 0.51
PaiR Datapoints [0.0, 0.051120438145522286, 0.0, 0.0, 0.0065055939328460205, 0.03422627037518672, 0.0, 0.002374130831499208, 0.0, 0.007175768768440857, 0.0, 0.051120438145522286, 0.0, 0.0, 0.0065055939328460205, 0.03422627037518672, 0.0, 0.002374130831499208, 0.0, 0.007175768768440857, 0.0, 0.051120438145522286, 0.0, 0.0, 0.0065055939328460205, 0.03422627037518672, 0.0, 0.002374130831499208, 0.0, 0.007175768768440857, 0.0, 0.051120438145522286, 0.0, 0.0, 0.0065055939328460205, 0.03422627037518672, 0.0, 0.002374130831499208, 0.0, 0.007175768768440857]
DeepNSGA-II Datapoints [0.0, 0.02999750000796379, 0.0, 0.0, 0.0, 0.004464842173132742, 0.0, 0.02301000372694907, 0.0, 0.002919386039332174, 0.0, 0.026362611203988813, 0.0, 0.0, 0.015922658567458114, 0.03523396963640095, 0.0, 0.02641467405171267, 0.0, 0.0, 0.0, 0.0, 0.0, 0.0, 0.0, 0.0, 0.0, 0.00832473335887951, 0.0, 0.018350413756936, 0.0, 0.0, 0.0, 0.0, 0.0376323395175297, 0.011645365286337687, 0.0, 0.02094812373816916, 0.0, 0.0]
NSGA-II Datapoints [0.0, 0.06313973140646655, 0.0, 0.0, 0.0, 0.026620881550314147, 0.0, 0.016257037724994094, 0.0, 0.030584669219423547, 0.0, 0.06313973140646655, 0.0, 0.0, 0.0, 0.026620881550314147, 0.0, 0.016257037724994094, 0.0, 0.030584669219423547, 0.0, 0.06313973140646655, 0.0, 0.0, 0.0, 0.026620881550314147, 0.0, 0.016257037724994094, 0.0, 0.030584669219423547, 0.0, 0.06313973140646655, 0.0, 0.0, 0.0, 0.026620881550314147, 0.0, 0.016257037724994094, 0.0, 0.030584669219423547]
PaiR Avg. 0.01014022020534951 ## DeepNSGA-II Avg. 0.00653066552661976 ## NSGA-II Avg. 0.013660231990119837
PaiR STD. 0.01711483695480458 ## DeepNSGA-II STD. 0.011363617647781314 ## NSGA-II STD. 0.020328055397080633
********************************************************* 
hour: 11
significance (U-test):PaiR / DeepNSGA-II 0.146500875665328
significance (U-test):PaiR / NSGA-II 0.25108470275256345
VDA: PaiR / DeepNSGA-II 0.5875
VDA: PaiR / NSGA-II 0.57
PaiR Datapoints [0.0, 0.03553251194831869, 0.0, 0.0009038693470602525, 0.006006147761076544, 0.030629885556477, 0.0, 0.0024392805581001696, 0.0, 0.007175768768440857, 0.0, 0.03553251194831869, 0.0, 0.0009038693470602525, 0.006006147761076544, 0.030629885556477, 0.0, 0.0024392805581001696, 0.0, 0.007175768768440857, 0.0, 0.03553251194831869, 0.0, 0.0009038693470602525, 0.006006147761076544, 0.030629885556477, 0.0, 0.0024392805581001696, 0.0, 0.007175768768440857, 0.0, 0.03553251194831869, 0.0, 0.0009038693470602525, 0.006006147761076544, 0.030629885556477, 0.0, 0.0024392805581001696, 0.0, 0.007175768768440857]
DeepNSGA-II Datapoints [0.0, 0.023258392607740878, 0.0, 0.0, 0.0, 0.01874511742448481, 0.0, 0.02301000372694907, 0.0, 0.002919386039332174, 0.0, 0.026362611203988813, 0.0, 0.0, 0.015922658567458114, 0.03523396963640095, 0.0, 0.02641467405171267, 0.0, 0.0, 0.0, 0.015131236999667987, 0.0, 0.0, 0.0, 0.0, 0.0, 0.014958237040232868, 0.0, 0.018350413756936, 0.0, 0.0, 0.0, 0.0, 0.0376323395175297, 0.014745487463466603, 0.0, 0.02094812373816916, 0.0, 0.0]
NSGA-II Datapoints [0.0, 0.06146581304771893, 0.0, 0.0, 0.0, 0.005340066957235815, 0.0, 0.0037225355676588183, 0.0, 0.032857748118347706, 0.0, 0.06146581304771893, 0.0, 0.0, 0.0, 0.005340066957235815, 0.0, 0.0037225355676588183, 0.0, 0.032857748118347706, 0.0, 0.06146581304771893, 0.0, 0.0, 0.0, 0.005340066957235815, 0.0, 0.0037225355676588183, 0.0, 0.032857748118347706, 0.0, 0.06146581304771893, 0.0, 0.0, 0.0, 0.005340066957235815, 0.0, 0.0037225355676588183, 0.0, 0.032857748118347706]
PaiR Avg. 0.00826874639394735 ## DeepNSGA-II Avg. 0.007340816294351744 ## NSGA-II Avg. 0.010338616369096127
PaiR STD. 0.01285564891527461 ## DeepNSGA-II STD. 0.011350347416295183 ## NSGA-II STD. 0.019822756896189016
********************************************************* 
hour: 12
significance (U-test):PaiR / DeepNSGA-II 0.146500875665328
significance (U-test):PaiR / NSGA-II 0.10063065025875936
VDA: PaiR / DeepNSGA-II 0.5875
VDA: PaiR / NSGA-II 0.6
PaiR Datapoints [0.0, 0.029027050220634766, 0.0, 0.0032500195068293223, 0.0068967268753095156, 0.031802625218972404, 0.0, 0.0024392805581001696, 0.0, 0.008138819925121367, 0.0, 0.029027050220634766, 0.0, 0.0032500195068293223, 0.0068967268753095156, 0.031802625218972404, 0.0, 0.0024392805581001696, 0.0, 0.008138819925121367, 0.0, 0.029027050220634766, 0.0, 0.0032500195068293223, 0.0068967268753095156, 0.031802625218972404, 0.0, 0.0024392805581001696, 0.0, 0.008138819925121367, 0.0, 0.029027050220634766, 0.0, 0.0032500195068293223, 0.0068967268753095156, 0.031802625218972404, 0.0, 0.0024392805581001696, 0.0, 0.008138819925121367]
DeepNSGA-II Datapoints [0.0, 0.027662849625300485, 0.0, 0.0, 0.0, 0.01874511742448481, 0.0, 0.02150798871221241, 0.0, 0.002919386039332174, 0.0, 0.026362611203988813, 0.0, 0.0, 0.015922658567458114, 0.03523396963640095, 0.0, 0.02641467405171267, 0.0, 0.0, 0.0, 0.015131236999667987, 0.0, 0.0, 0.0, 0.0, 0.0, 0.014958237040232868, 0.0, 0.018350413756936, 0.0, 0.0, 0.0, 0.0, 0.0376323395175297, 0.014745487463466603, 0.0, 0.021896959927355516, 0.0, 0.0]
NSGA-II Datapoints [0.0, 0.06198272409107403, 0.0, 0.0, 0.0, 0.0019231696237975839, 0.0, 0.003603283594238176, 0.0, 0.02307364275702914, 0.0, 0.06198272409107403, 0.0, 0.0, 0.0, 0.0019231696237975839, 0.0, 0.003603283594238176, 0.0, 0.02307364275702914, 0.0, 0.06198272409107403, 0.0, 0.0, 0.0, 0.0019231696237975839, 0.0, 0.003603283594238176, 0.0, 0.02307364275702914, 0.0, 0.06198272409107403, 0.0, 0.0, 0.0, 0.0019231696237975839, 0.0, 0.003603283594238176, 0.0, 0.02307364275702914]
PaiR Avg. 0.008155452230496754 ## DeepNSGA-II Avg. 0.007437098249151977 ## NSGA-II Avg. 0.00905828200661389
PaiR STD. 0.01163187729757785 ## DeepNSGA-II STD. 0.011508678896632263 ## NSGA-II STD. 0.019136241843023507
********************************************************* 
hour: 13
significance (U-test):PaiR / DeepNSGA-II 0.3901905259408005
significance (U-test):PaiR / NSGA-II 0.048701686991531525
VDA: PaiR / DeepNSGA-II 0.5525
VDA: PaiR / NSGA-II 0.6199999999999999
PaiR Datapoints [0.0, 0.03197651229940107, 0.0, 0.0037302389356919574, 0.007700316390975797, 0.03758801456622725, 0.0, 0.00265144349450794, 0.0, 0.008836413839697153, 0.0, 0.03197651229940107, 0.0, 0.0037302389356919574, 0.007700316390975797, 0.03758801456622725, 0.0, 0.00265144349450794, 0.0, 0.008836413839697153, 0.0, 0.03197651229940107, 0.0, 0.0037302389356919574, 0.007700316390975797, 0.03758801456622725, 0.0, 0.00265144349450794, 0.0, 0.008836413839697153, 0.0, 0.03197651229940107, 0.0, 0.0037302389356919574, 0.007700316390975797, 0.03758801456622725, 0.0, 0.00265144349450794, 0.0, 0.008836413839697153]
DeepNSGA-II Datapoints [0.0, 0.027662849625300485, 0.0, 0.0, 0.0, 0.021005186875930573, 0.0, 0.02150798871221241, 0.0, 0.02316987484910536, 0.0, 0.026362611203988813, 0.0, 0.0, 0.015922658567458114, 0.03523396963640095, 0.0, 0.02641467405171267, 0.0, 0.0, 0.0, 0.015131236999667987, 0.0, 0.0, 0.0, 0.02911823713542492, 0.0, 0.015698844893140593, 0.0, 0.018350413756936, 0.0, 0.02126785623471311, 0.0, 0.0, 0.0376323395175297, 0.014745487463466603, 0.0, 0.021896959927355516, 0.0, 0.0]
NSGA-II Datapoints [0.0, 0.04049402984813266, 0.0, 0.0, 0.0, 0.001976957831078265, 0.0, 0.003535728475068117, 0.0, 0.007915492723013848, 0.0, 0.04049402984813266, 0.0, 0.0, 0.0, 0.001976957831078265, 0.0, 0.003535728475068117, 0.0, 0.007915492723013848, 0.0, 0.04049402984813266, 0.0, 0.0, 0.0, 0.001976957831078265, 0.0, 0.003535728475068117, 0.0, 0.007915492723013848, 0.0, 0.04049402984813266, 0.0, 0.0, 0.0, 0.001976957831078265, 0.0, 0.003535728475068117, 0.0, 0.007915492723013848]
PaiR Avg. 0.009248293952650116 ## DeepNSGA-II Avg. 0.009278029736258596 ## NSGA-II Avg. 0.005392220887729288
PaiR STD. 0.013352686024639408 ## DeepNSGA-II STD. 0.012274362214926443 ## NSGA-II STD. 0.012102429319532261
********************************************************* 
hour: 14
significance (U-test):PaiR / DeepNSGA-II 0.6576573844693955
significance (U-test):PaiR / NSGA-II 0.02141514776803466
VDA: PaiR / DeepNSGA-II 0.5275000000000001
VDA: PaiR / NSGA-II 0.64
PaiR Datapoints [0.0, 0.03227562350521667, 0.0, 0.00427177533603043, 0.007078955738717825, 0.03766084839314256, 0.0, 0.003375615412153869, 0.0, 0.009284129886991744, 0.0, 0.03227562350521667, 0.0, 0.00427177533603043, 0.007078955738717825, 0.03766084839314256, 0.0, 0.003375615412153869, 0.0, 0.009284129886991744, 0.0, 0.03227562350521667, 0.0, 0.00427177533603043, 0.007078955738717825, 0.03766084839314256, 0.0, 0.003375615412153869, 0.0, 0.009284129886991744, 0.0, 0.03227562350521667, 0.0, 0.00427177533603043, 0.007078955738717825, 0.03766084839314256, 0.0, 0.003375615412153869, 0.0, 0.009284129886991744]
DeepNSGA-II Datapoints [0.0, 0.02432052673810325, 0.0, 0.0, 0.0, 0.023558104430379197, 0.0, 0.020107127451835627, 0.0, 0.02316987484910536, 0.0, 0.03207340279533573, 0.0, 0.0, 0.015922658567458114, 0.03523396963640095, 0.0, 0.025131504583969254, 0.0, 0.02874460813343997, 0.0, 0.017767072118380522, 0.0, 0.0, 0.017834046726484868, 0.02911823713542492, 0.0, 0.015698844893140593, 0.0, 0.018350413756936, 0.0, 0.02126785623471311, 0.0, 0.0, 0.030831214333130626, 0.014745487463466603, 0.0, 0.021896959927355516, 0.0, 0.0]
NSGA-II Datapoints [0.0, 0.013392365590484694, 0.0, 0.0, 0.0, 0.003571023593015389, 0.0, 0.0037411016498055207, 0.0, 0.0064983451104926055, 0.0, 0.013392365590484694, 0.0, 0.0, 0.0, 0.003571023593015389, 0.0, 0.0037411016498055207, 0.0, 0.0064983451104926055, 0.0, 0.013392365590484694, 0.0, 0.0, 0.0, 0.003571023593015389, 0.0, 0.0037411016498055207, 0.0, 0.0064983451104926055, 0.0, 0.013392365590484694, 0.0, 0.0, 0.0, 0.003571023593015389, 0.0, 0.0037411016498055207, 0.0, 0.0064983451104926055]
PaiR Avg. 0.009394694827225308 ## DeepNSGA-II Avg. 0.010394297744376507 ## NSGA-II Avg. 0.002720283594379821
PaiR STD. 0.013372002866365583 ## DeepNSGA-II STD. 0.012312224256396968 ## NSGA-II STD. 0.004228506046442307
********************************************************* 
hour: 15
significance (U-test):PaiR / DeepNSGA-II 0.8432466505322683
significance (U-test):PaiR / NSGA-II 0.008539132959632824
VDA: PaiR / DeepNSGA-II 0.5125
VDA: PaiR / NSGA-II 0.6599999999999999
PaiR Datapoints [0.0, 0.03230027066108262, 0.0, 0.00435134937320601, 0.007776462136191545, 0.03766084839314256, 0.0, 0.0036302827733121624, 0.0, 0.009912490393593895, 0.0, 0.03230027066108262, 0.0, 0.00435134937320601, 0.007776462136191545, 0.03766084839314256, 0.0, 0.0036302827733121624, 0.0, 0.009912490393593895, 0.0, 0.03230027066108262, 0.0, 0.00435134937320601, 0.007776462136191545, 0.03766084839314256, 0.0, 0.0036302827733121624, 0.0, 0.009912490393593895, 0.0, 0.03230027066108262, 0.0, 0.00435134937320601, 0.007776462136191545, 0.03766084839314256, 0.0, 0.0036302827733121624, 0.0, 0.009912490393593895]
DeepNSGA-II Datapoints [0.0, 0.02432052673810325, 0.0, 0.0, 0.0, 0.023558104430379197, 0.0, 0.020107127451835627, 0.0, 0.01990828796223731, 0.0, 0.03207340279533573, 0.0, 0.0, 0.015922658567458114, 0.04107345367261318, 0.0, 0.025131504583969254, 0.0, 0.02874460813343997, 0.0, 0.017767072118380522, 0.0, 0.0, 0.017834046726484868, 0.02911823713542492, 0.0, 0.015698844893140593, 0.0, 0.018350413756936, 0.008900977313612673, 0.02126785623471311, 0.0, 0.0, 0.030831214333130626, 0.014745487463466603, 0.0, 0.021896959927355516, 0.0, 0.0]
NSGA-II Datapoints [0.0, 0.0038488481339489285, 0.0, 0.0, 0.0, 0.007104874759230558, 0.0, 0.0041634538314504, 0.0, 0.007743489940648297, 0.0, 0.0038488481339489285, 0.0, 0.0, 0.0, 0.007104874759230558, 0.0, 0.0041634538314504, 0.0, 0.007743489940648297, 0.0, 0.0038488481339489285, 0.0, 0.0, 0.0, 0.007104874759230558, 0.0, 0.0041634538314504, 0.0, 0.007743489940648297, 0.0, 0.0038488481339489285, 0.0, 0.0, 0.0, 0.007104874759230558, 0.0, 0.0041634538314504, 0.0, 0.007743489940648297]
PaiR Avg. 0.009563170373052878 ## DeepNSGA-II Avg. 0.010681269605950427 ## NSGA-II Avg. 0.0022860666665278184
PaiR STD. 0.013351073073825857 ## DeepNSGA-II STD. 0.012459617018913207 ## NSGA-II STD. 0.0030437469070294047
********************************************************* 
hour: 16
significance (U-test):PaiR / DeepNSGA-II 0.8432466505322683
significance (U-test):PaiR / NSGA-II 0.013690652065745814
VDA: PaiR / DeepNSGA-II 0.5125
VDA: PaiR / NSGA-II 0.65
PaiR Datapoints [0.0, 0.03230027066108262, 0.0, 0.004505337299288799, 0.008043771391573971, 0.03766084839314256, 0.0, 0.0036302827733121624, 0.0, 0.009912490393593895, 0.0, 0.03230027066108262, 0.0, 0.004505337299288799, 0.008043771391573971, 0.03766084839314256, 0.0, 0.0036302827733121624, 0.0, 0.009912490393593895, 0.0, 0.03230027066108262, 0.0, 0.004505337299288799, 0.008043771391573971, 0.03766084839314256, 0.0, 0.0036302827733121624, 0.0, 0.009912490393593895, 0.0, 0.03230027066108262, 0.0, 0.004505337299288799, 0.008043771391573971, 0.03766084839314256, 0.0, 0.0036302827733121624, 0.0, 0.009912490393593895]
DeepNSGA-II Datapoints [0.0, 0.02432052673810325, 0.0, 0.0, 0.0, 0.023558104430379197, 0.0, 0.020107127451835627, 0.0, 0.01990828796223731, 0.0, 0.03207340279533573, 0.0, 0.0, 0.015922658567458114, 0.04107345367261318, 0.0, 0.025131504583969254, 0.0, 0.02874460813343997, 0.0, 0.018548255875062595, 0.0, 0.0, 0.017834046726484868, 0.02911823713542492, 0.0, 0.018438966506831155, 0.0, 0.018350413756936, 0.008900977313612673, 0.02126785623471311, 0.0, 0.0, 0.030831214333130626, 0.014745487463466603, 0.0, 0.021896959927355516, 0.0, 0.0]
NSGA-II Datapoints [0.0, 0.003779051598267554, 0.0, 0.0, 0.0, 0.003635381823930083, 0.0, 0.0052743627144996, 0.0, 0.009248169595409342, 0.0, 0.003779051598267554, 0.0, 0.0, 0.0, 0.003635381823930083, 0.0, 0.0052743627144996, 0.0, 0.009248169595409342, 0.0, 0.003779051598267554, 0.0, 0.0, 0.0, 0.003635381823930083, 0.0, 0.0052743627144996, 0.0, 0.009248169595409342, 0.0, 0.003779051598267554, 0.0, 0.0, 0.0, 0.003635381823930083, 0.0, 0.0052743627144996, 0.0, 0.009248169595409342]
PaiR Avg. 0.0096053000911994 ## DeepNSGA-II Avg. 0.010769302240209742 ## NSGA-II Avg. 0.0021936965732106584
PaiR STD. 0.013341532719575175 ## DeepNSGA-II STD. 0.01250724598129732 ## NSGA-II STD. 0.0030838159568704407
********************************************************* 
hour: 17
significance (U-test):PaiR / DeepNSGA-II 0.8432466505322683
significance (U-test):PaiR / NSGA-II 0.0030827433783270266
VDA: PaiR / DeepNSGA-II 0.5125
VDA: PaiR / NSGA-II 0.68
PaiR Datapoints [0.0, 0.0324873547867996, 0.0, 0.004906432820522776, 0.007983167141646975, 0.03766084839314256, 0.0, 0.0040579259018354115, 0.0, 0.009912490393593895, 0.0, 0.0324873547867996, 0.0, 0.004906432820522776, 0.007983167141646975, 0.03766084839314256, 0.0, 0.0040579259018354115, 0.0, 0.009912490393593895, 0.0, 0.0324873547867996, 0.0, 0.004906432820522776, 0.007983167141646975, 0.03766084839314256, 0.0, 0.0040579259018354115, 0.0, 0.009912490393593895, 0.0, 0.0324873547867996, 0.0, 0.004906432820522776, 0.007983167141646975, 0.03766084839314256, 0.0, 0.0040579259018354115, 0.0, 0.009912490393593895]
DeepNSGA-II Datapoints [0.0, 0.02436855454137531, 0.0, 0.0, 0.0, 0.025485387134505957, 0.0, 0.020107127451835627, 0.0, 0.01990828796223731, 0.0, 0.03075511364688154, 0.0, 0.0, 0.015922658567458114, 0.04107345367261318, 0.0, 0.025131504583969254, 0.0, 0.019557326748412103, 0.0, 0.018548255875062595, 0.0, 0.0, 0.017834046726484868, 0.02911823713542492, 0.0, 0.018438966506831155, 0.0, 0.018350413756936, 0.008900977313612673, 0.02126785623471311, 0.0, 0.0, 0.030831214333130626, 0.014745487463466603, 0.0, 0.023248490475817233, 0.0, 0.0]
NSGA-II Datapoints [0.0, 0.003518998533647677, 0.0, 0.0, 0.0, 0.0028627206803986107, 0.0, 0.005957619777127567, 0.0, 0.007828843413394695, 0.0, 0.003518998533647677, 0.0, 0.0, 0.0, 0.0028627206803986107, 0.0, 0.005957619777127567, 0.0, 0.007828843413394695, 0.0, 0.003518998533647677, 0.0, 0.0, 0.0, 0.0028627206803986107, 0.0, 0.005957619777127567, 0.0, 0.007828843413394695, 0.0, 0.003518998533647677, 0.0, 0.0, 0.0, 0.0028627206803986107, 0.0, 0.005957619777127567, 0.0, 0.007828843413394695]
PaiR Avg. 0.00970082194375412 ## DeepNSGA-II Avg. 0.010589834003269205 ## NSGA-II Avg. 0.002016818240456855
PaiR STD. 0.013340651304409996 ## DeepNSGA-II STD. 0.012284483938486154 ## NSGA-II STD. 0.002804519883471561
********************************************************* 
hour: 18
significance (U-test):PaiR / DeepNSGA-II 0.8432466505322683
significance (U-test):PaiR / NSGA-II 0.005195282401727078
VDA: PaiR / DeepNSGA-II 0.5125
VDA: PaiR / NSGA-II 0.6699999999999999
PaiR Datapoints [0.0, 0.03399041604803902, 0.0, 0.004751663852469319, 0.008284561144922287, 0.03746162412559127, 0.0, 0.0040579259018354115, 0.0, 0.011186746265915886, 0.0, 0.03399041604803902, 0.0, 0.004751663852469319, 0.008284561144922287, 0.03746162412559127, 0.0, 0.0040579259018354115, 0.0, 0.011186746265915886, 0.0, 0.03399041604803902, 0.0, 0.004751663852469319, 0.008284561144922287, 0.03746162412559127, 0.0, 0.0040579259018354115, 0.0, 0.011186746265915886, 0.0, 0.03399041604803902, 0.0, 0.004751663852469319, 0.008284561144922287, 0.03746162412559127, 0.0, 0.0040579259018354115, 0.0, 0.011186746265915886]
DeepNSGA-II Datapoints [0.0, 0.02436855454137531, 0.0, 0.0, 0.0, 0.025485387134505957, 0.0, 0.020107127451835627, 0.0, 0.01990828796223731, 0.0, 0.03075511364688154, 0.0, 0.0, 0.015922658567458114, 0.04107345367261318, 0.0, 0.025131504583969254, 0.0, 0.019557326748412103, 0.0, 0.018548255875062595, 0.0, 0.0, 0.017834046726484868, 0.02911823713542492, 0.0, 0.018438966506831155, 0.0, 0.024943080719152078, 0.008900977313612673, 0.02126785623471311, 0.0, 0.0, 0.030831214333130626, 0.03120884604784044, 0.0, 0.023248490475817233, 0.0, 0.0]
NSGA-II Datapoints [0.0, 0.003527717369164858, 0.0, 0.0, 0.0, 0.003270116015899977, 0.0, 0.006013770055372597, 0.0, 0.010010750995164804, 0.0, 0.003527717369164858, 0.0, 0.0, 0.0, 0.003270116015899977, 0.0, 0.006013770055372597, 0.0, 0.010010750995164804, 0.0, 0.003527717369164858, 0.0, 0.0, 0.0, 0.003270116015899977, 0.0, 0.006013770055372597, 0.0, 0.010010750995164804, 0.0, 0.003527717369164858, 0.0, 0.0, 0.0, 0.003270116015899977, 0.0, 0.006013770055372597, 0.0, 0.010010750995164804]
PaiR Avg. 0.009973293733877318 ## DeepNSGA-II Avg. 0.011166234641933953 ## NSGA-II Avg. 0.002282235443560224
PaiR STD. 0.013575536457634499 ## DeepNSGA-II STD. 0.012836054057683177 ## NSGA-II STD. 0.0033194535874388584
********************************************************* 
hour: 19
significance (U-test):PaiR / DeepNSGA-II 0.8432466505322683
significance (U-test):PaiR / NSGA-II 0.005195282401727078
VDA: PaiR / DeepNSGA-II 0.5125
VDA: PaiR / NSGA-II 0.6699999999999999
PaiR Datapoints [0.0, 0.03477700456054482, 0.0, 0.004751663852469319, 0.008321885336737868, 0.03746162412559127, 0.0, 0.004054561492331083, 0.0, 0.011877227549961305, 0.0, 0.03477700456054482, 0.0, 0.004751663852469319, 0.008321885336737868, 0.03746162412559127, 0.0, 0.004054561492331083, 0.0, 0.011877227549961305, 0.0, 0.03477700456054482, 0.0, 0.004751663852469319, 0.008321885336737868, 0.03746162412559127, 0.0, 0.004054561492331083, 0.0, 0.011877227549961305, 0.0, 0.03477700456054482, 0.0, 0.004751663852469319, 0.008321885336737868, 0.03746162412559127, 0.0, 0.004054561492331083, 0.0, 0.011877227549961305]
DeepNSGA-II Datapoints [0.0, 0.02436855454137531, 0.0, 0.0, 0.0, 0.025485387134505957, 0.0, 0.020107127451835627, 0.0, 0.01990828796223731, 0.0, 0.031347271673781464, 0.0, 0.0, 0.02791331869391118, 0.04107345367261318, 0.0, 0.025131504583969254, 0.0, 0.019557326748412103, 0.0, 0.020457848019145877, 0.0, 0.0, 0.017834046726484868, 0.02911823713542492, 0.0, 0.017770207370560537, 0.0, 0.024943080719152078, 0.008900977313612673, 0.02126785623471311, 0.0, 0.0, 0.030831214333130626, 0.03120884604784044, 0.0, 0.02223964722328431, 0.0, 0.0]
NSGA-II Datapoints [0.0, 0.004461156796850996, 0.0, 0.0, 0.0, 0.00333717280288113, 0.0, 0.0064301500874537265, 0.0, 0.00664923370940696, 0.0, 0.004461156796850996, 0.0, 0.0, 0.0, 0.00333717280288113, 0.0, 0.0064301500874537265, 0.0, 0.00664923370940696, 0.0, 0.004461156796850996, 0.0, 0.0, 0.0, 0.00333717280288113, 0.0, 0.0064301500874537265, 0.0, 0.00664923370940696, 0.0, 0.004461156796850996, 0.0, 0.0, 0.0, 0.00333717280288113, 0.0, 0.0064301500874537265, 0.0, 0.00664923370940696]
PaiR Avg. 0.010124396691763567 ## DeepNSGA-II Avg. 0.011486604839649773 ## NSGA-II Avg. 0.002087771339659281
PaiR STD. 0.01372670738603431 ## DeepNSGA-II STD. 0.013109296118422339 ## NSGA-II STD. 0.0027364564337534203
********************************************************* 
hour: 20
significance (U-test):PaiR / DeepNSGA-II 0.8432466505322683
significance (U-test):PaiR / NSGA-II 0.0005534657434341997
VDA: PaiR / DeepNSGA-II 0.5125
VDA: PaiR / NSGA-II 0.71
PaiR Datapoints [0.0, 0.03477700456054482, 0.0, 0.005198249283881649, 0.008462885550053968, 0.03760193736171501, 0.0, 0.004469713314539032, 0.0, 0.013977422610770883, 0.0, 0.03477700456054482, 0.0, 0.005198249283881649, 0.008462885550053968, 0.03760193736171501, 0.0, 0.004469713314539032, 0.0, 0.013977422610770883, 0.0, 0.03477700456054482, 0.0, 0.005198249283881649, 0.008462885550053968, 0.03760193736171501, 0.0, 0.004469713314539032, 0.0, 0.013977422610770883, 0.0, 0.03477700456054482, 0.0, 0.005198249283881649, 0.008462885550053968, 0.03760193736171501, 0.0, 0.004469713314539032, 0.0, 0.013977422610770883]
DeepNSGA-II Datapoints [0.0, 0.02436855454137531, 0.0, 0.0, 0.0, 0.028335692408171517, 0.0, 0.019009180433966183, 0.0, 0.01990828796223731, 0.0, 0.031347271673781464, 0.0, 0.0, 0.02791331869391118, 0.04107345367261318, 0.0, 0.029380779181237143, 0.0, 0.019557326748412103, 0.0, 0.020457848019145877, 0.0, 0.0, 0.017834046726484868, 0.021269435376371763, 0.0, 0.017770207370560537, 0.0, 0.024943080719152078, 0.008900977313612673, 0.02126785623471311, 0.0, 0.0, 0.030831214333130626, 0.03120884604784044, 0.0, 0.02223964722328431, 0.0, 0.0]
NSGA-II Datapoints [0.0, 0.00348305819378715, 0.0, 0.0, 0.0, 0.003664870553468484, 0.0, 0.004384719952365378, 0.0, 0.00490548728333242, 0.0, 0.00348305819378715, 0.0, 0.0, 0.0, 0.003664870553468484, 0.0, 0.004384719952365378, 0.0, 0.00490548728333242, 0.0, 0.00348305819378715, 0.0, 0.0, 0.0, 0.003664870553468484, 0.0, 0.004384719952365378, 0.0, 0.00490548728333242, 0.0, 0.00348305819378715, 0.0, 0.0, 0.0, 0.003664870553468484, 0.0, 0.004384719952365378, 0.0, 0.00490548728333242]
PaiR Avg. 0.010448721268150538 ## DeepNSGA-II Avg. 0.011440425617000042 ## NSGA-II Avg. 0.0016438135982953434
PaiR STD. 0.013758267949904776 ## DeepNSGA-II STD. 0.01309849856841496 ## NSGA-II STD. 0.002071325938352322
********************************************************* 
hour: 21
significance (U-test):PaiR / DeepNSGA-II 0.8432466505322683
significance (U-test):PaiR / NSGA-II 0.0010063175002508714
VDA: PaiR / DeepNSGA-II 0.5125
VDA: PaiR / NSGA-II 0.7
PaiR Datapoints [0.0, 0.03477700456054482, 0.0, 0.0052126933592484045, 0.008462885550053968, 0.0378067087885319, 0.0, 0.004469713314539032, 0.0, 0.014065733551189669, 0.0, 0.03477700456054482, 0.0, 0.0052126933592484045, 0.008462885550053968, 0.0378067087885319, 0.0, 0.004469713314539032, 0.0, 0.014065733551189669, 0.0, 0.03477700456054482, 0.0, 0.0052126933592484045, 0.008462885550053968, 0.0378067087885319, 0.0, 0.004469713314539032, 0.0, 0.014065733551189669, 0.0, 0.03477700456054482, 0.0, 0.0052126933592484045, 0.008462885550053968, 0.0378067087885319, 0.0, 0.004469713314539032, 0.0, 0.014065733551189669]
DeepNSGA-II Datapoints [0.0, 0.02436855454137531, 0.0, 0.0, 0.0, 0.028335692408171517, 0.0, 0.019009180433966183, 0.0, 0.01990828796223731, 0.0, 0.03320439882906664, 0.0, 0.0, 0.02791331869391118, 0.04107345367261318, 0.0, 0.029380779181237143, 0.0, 0.02269812364467751, 0.0, 0.020457848019145877, 0.0, 0.0, 0.017834046726484868, 0.021269435376371763, 0.0, 0.017770207370560537, 0.0, 0.024943080719152078, 0.008900977313612673, 0.02126785623471311, 0.0, 0.0, 0.03139899222955812, 0.03120884604784044, 0.0, 0.02223964722328431, 0.0, 0.0]
NSGA-II Datapoints [0.0, 0.003900932069190208, 0.0, 0.0, 0.0, 0.002264979933576407, 0.0, 0.0043983137061247395, 0.0, 0.006200712403879687, 0.0, 0.003900932069190208, 0.0, 0.0, 0.0, 0.002264979933576407, 0.0, 0.0043983137061247395, 0.0, 0.006200712403879687, 0.0, 0.003900932069190208, 0.0, 0.0, 0.0, 0.002264979933576407, 0.0, 0.0043983137061247395, 0.0, 0.006200712403879687, 0.0, 0.003900932069190208, 0.0, 0.0, 0.0, 0.002264979933576407, 0.0, 0.0043983137061247395, 0.0, 0.006200712403879687]
PaiR Avg. 0.010479473912410784 ## DeepNSGA-II Avg. 0.011579568165699494 ## NSGA-II Avg. 0.001676493811277104
PaiR STD. 0.013801558225494144 ## DeepNSGA-II STD. 0.013253991062507726 ## NSGA-II STD. 0.0022653485131442683
********************************************************* 
hour: 22
significance (U-test):PaiR / DeepNSGA-II 0.8116446306810634
significance (U-test):PaiR / NSGA-II 0.0010063175002508714
VDA: PaiR / DeepNSGA-II 0.515
VDA: PaiR / NSGA-II 0.7
PaiR Datapoints [0.0, 0.034997518997370594, 0.0, 0.0052126933592484045, 0.009556274318116693, 0.0378067087885319, 0.0, 0.005764182772723514, 0.0, 0.014065733551189669, 0.0, 0.034997518997370594, 0.0, 0.0052126933592484045, 0.009556274318116693, 0.0378067087885319, 0.0, 0.005764182772723514, 0.0, 0.014065733551189669, 0.0, 0.034997518997370594, 0.0, 0.0052126933592484045, 0.009556274318116693, 0.0378067087885319, 0.0, 0.005764182772723514, 0.0, 0.014065733551189669, 0.0, 0.034997518997370594, 0.0, 0.0052126933592484045, 0.009556274318116693, 0.0378067087885319, 0.0, 0.005764182772723514, 0.0, 0.014065733551189669]
DeepNSGA-II Datapoints [0.0, 0.024067267178243545, 0.0, 0.0, 0.0, 0.027821091749457804, 0.0, 0.019009180433966183, 0.0, 0.01990828796223731, 0.0, 0.03320439882906664, 0.0, 0.0, 0.027483732233640756, 0.04107345367261318, 0.0, 0.029380779181237143, 0.0, 0.02269812364467751, 0.0, 0.020457848019145877, 0.0, 0.0, 0.02827189450237849, 0.017184332785484886, 0.0, 0.02225908516625105, 0.0, 0.024943080719152078, 0.008900977313612673, 0.02126785623471311, 0.0, 0.0, 0.03139899222955812, 0.031822201332652816, 0.0, 0.023019671184974597, 0.0, 0.0]
NSGA-II Datapoints [0.0, 0.007719402829302614, 0.0, 0.0, 0.0, 0.0029256612086635495, 0.0, 0.004637229671276165, 0.0, 0.005016599856434675, 0.0, 0.007719402829302614, 0.0, 0.0, 0.0, 0.0029256612086635495, 0.0, 0.004637229671276165, 0.0, 0.005016599856434675, 0.0, 0.007719402829302614, 0.0, 0.0, 0.0, 0.0029256612086635495, 0.0, 0.004637229671276165, 0.0, 0.005016599856434675, 0.0, 0.007719402829302614, 0.0, 0.0, 0.0, 0.0029256612086635495, 0.0, 0.004637229671276165, 0.0, 0.005016599856434675]
PaiR Avg. 0.010740311178718076 ## DeepNSGA-II Avg. 0.011854306359326595 ## NSGA-II Avg. 0.0020298893565677003
PaiR STD. 0.013775474071627445 ## DeepNSGA-II STD. 0.013496491488418711 ## NSGA-II STD. 0.002747760648957433
********************************************************* 
hour: 23
significance (U-test):PaiR / DeepNSGA-II 0.6341747413902149
significance (U-test):PaiR / NSGA-II 0.0017837440606251187
VDA: PaiR / DeepNSGA-II 0.4699999999999999
VDA: PaiR / NSGA-II 0.6900000000000001
PaiR Datapoints [0.0, 0.036041663390977655, 0.0, 0.0052126933592484045, 0.009850764095898083, 0.0378067087885319, 0.0, 0.005865985886512885, 0.0, 0.015083130593848068, 0.0, 0.036041663390977655, 0.0, 0.0052126933592484045, 0.009850764095898083, 0.0378067087885319, 0.0, 0.005865985886512885, 0.0, 0.015083130593848068, 0.0, 0.036041663390977655, 0.0, 0.0052126933592484045, 0.009850764095898083, 0.0378067087885319, 0.0, 0.005865985886512885, 0.0, 0.015083130593848068, 0.0, 0.036041663390977655, 0.0, 0.0052126933592484045, 0.009850764095898083, 0.0378067087885319, 0.0, 0.005865985886512885, 0.0, 0.015083130593848068]
DeepNSGA-II Datapoints [0.0, 0.024095500657725998, 0.0, 0.0, 0.0, 0.028262459780210886, 0.0, 0.019009180433966183, 0.0, 0.01990828796223731, 0.010470509935137937, 0.03320439882906664, 0.0, 0.0, 0.027483732233640756, 0.04107345367261318, 0.0, 0.029811263854207803, 0.0, 0.02269812364467751, 0.024257927344895087, 0.020457848019145877, 0.0, 0.0, 0.02827189450237849, 0.017184332785484886, 0.0, 0.02225908516625105, 0.0, 0.024943080719152078, 0.012529614721007335, 0.029423435882244848, 0.0, 0.0, 0.03139899222955812, 0.031822201332652816, 0.0, 0.023019671184974597, 0.0, 0.027908686703366648]
NSGA-II Datapoints [0.0, 0.010547802323501488, 0.0, 0.0, 0.0, 0.0033871918026175695, 0.0, 0.004127500459175543, 0.0, 0.00480190720383186, 0.0, 0.010547802323501488, 0.0, 0.0, 0.0, 0.0033871918026175695, 0.0, 0.004127500459175543, 0.0, 0.00480190720383186, 0.0, 0.010547802323501488, 0.0, 0.0, 0.0, 0.0033871918026175695, 0.0, 0.004127500459175543, 0.0, 0.00480190720383186, 0.0, 0.010547802323501488, 0.0, 0.0, 0.0, 0.0033871918026175695, 0.0, 0.004127500459175543, 0.0, 0.00480190720383186]
PaiR Avg. 0.010986094611501697 ## DeepNSGA-II Avg. 0.013737342039864897 ## NSGA-II Avg. 0.002286440178912646
PaiR STD. 0.013987270130255375 ## DeepNSGA-II STD. 0.013583743319846324 ## NSGA-II STD. 0.0033671975425152737
********************************************************* 
hour: 24
significance (U-test):PaiR / DeepNSGA-II 0.940866715357797
significance (U-test):PaiR / NSGA-II 0.00010731215790263955
VDA: PaiR / DeepNSGA-II 0.49499999999999994
VDA: PaiR / NSGA-II 0.74
PaiR Datapoints [0.0034715143272983006, 0.03667877150359418, 0.0, 0.005523828355918014, 0.010126732869111395, 0.0378067087885319, 0.0, 0.005865985886512885, 0.0, 0.015083130593848068, 0.0034715143272983006, 0.03667877150359418, 0.0, 0.005523828355918014, 0.010126732869111395, 0.0378067087885319, 0.0, 0.005865985886512885, 0.0, 0.015083130593848068, 0.0034715143272983006, 0.03667877150359418, 0.0, 0.005523828355918014, 0.010126732869111395, 0.0378067087885319, 0.0, 0.005865985886512885, 0.0, 0.015083130593848068, 0.0034715143272983006, 0.03667877150359418, 0.0, 0.005523828355918014, 0.010126732869111395, 0.0378067087885319, 0.0, 0.005865985886512885, 0.0, 0.015083130593848068]
DeepNSGA-II Datapoints [0.0, 0.024095500657725998, 0.0, 0.0, 0.0, 0.028262459780210886, 0.0, 0.02088915235115948, 0.0, 0.03019320642597148, 0.010470509935137937, 0.03320439882906664, 0.0, 0.0, 0.027483732233640756, 0.036789982057741276, 0.0, 0.029811263854207803, 0.0, 0.02269812364467751, 0.024257927344895087, 0.020457848019145877, 0.0, 0.0, 0.02827189450237849, 0.017184332785484886, 0.0, 0.02225908516625105, 0.0, 0.026754077537318437, 0.012529614721007335, 0.029423435882244848, 0.0, 0.0, 0.03139899222955812, 0.031822201332652816, 0.0, 0.026661728587761585, 0.0, 0.027908686703366648]
NSGA-II Datapoints [0.0, 0.010064223281992014, 0.0, 0.0, 0.0, 0.003274421158458652, 0.0, 0.0045191127554176, 0.0, 0.0042806844174686194, 0.0, 0.010064223281992014, 0.0, 0.0, 0.0, 0.003274421158458652, 0.0, 0.0045191127554176, 0.0, 0.0042806844174686194, 0.0, 0.010064223281992014, 0.0, 0.0, 0.0, 0.003274421158458652, 0.0, 0.0045191127554176, 0.0, 0.0042806844174686194, 0.0, 0.010064223281992014, 0.0, 0.0, 0.0, 0.003274421158458652, 0.0, 0.0045191127554176, 0.0, 0.0042806844174686194]
PaiR Avg. 0.011455667232481478 ## DeepNSGA-II Avg. 0.01407070386454012 ## NSGA-II Avg. 0.002213844161333688
PaiR STD. 0.01384671328208897 ## DeepNSGA-II STD. 0.013734419793673161 ## NSGA-II STD. 0.003230400525523126
********************************************************* 
hour: 25
significance (U-test):PaiR / DeepNSGA-II 0.7114511554765288
significance (U-test):PaiR / NSGA-II 6.188379316976008e-06
VDA: PaiR / DeepNSGA-II 0.47624999999999995
VDA: PaiR / NSGA-II 0.78
PaiR Datapoints [0.004870339142196407, 0.03835722066100223, 0.0, 0.005523828355918014, 0.01249384609311984, 0.031720301787453886, 0.0, 0.00732534659573937, 0.0, 0.015083130593848068, 0.004870339142196407, 0.03835722066100223, 0.0, 0.005523828355918014, 0.01249384609311984, 0.031720301787453886, 0.0, 0.00732534659573937, 0.0, 0.015083130593848068, 0.004870339142196407, 0.03835722066100223, 0.0, 0.005523828355918014, 0.01249384609311984, 0.031720301787453886, 0.0, 0.00732534659573937, 0.0, 0.015083130593848068, 0.004870339142196407, 0.03835722066100223, 0.0, 0.005523828355918014, 0.01249384609311984, 0.031720301787453886, 0.0, 0.00732534659573937, 0.0, 0.015083130593848068]
DeepNSGA-II Datapoints [0.0, 0.024095500657725998, 0.0, 0.0, 0.02387990075817139, 0.028262459780210886, 0.0, 0.02088915235115948, 0.0, 0.03019320642597148, 0.010470509935137937, 0.03320439882906664, 0.0, 0.0, 0.027483732233640756, 0.036789982057741276, 0.0, 0.029146869574044613, 0.0, 0.02269812364467751, 0.024257927344895087, 0.020457848019145877, 0.0, 0.0, 0.02827189450237849, 0.02184931623157376, 0.0, 0.02343694817318253, 0.0, 0.026754077537318437, 0.012529614721007335, 0.029423435882244848, 0.0, 0.0, 0.035859625501743625, 0.03111572673498262, 0.0, 0.026661728587761585, 0.0, 0.027908686703366648]
NSGA-II Datapoints [0.0, 0.00472920741984593, 0.0, 0.0, 0.0, 0.0039005136527308325, 0.0, 0.004879144199370219, 0.0, 0.0035038086003114774, 0.0, 0.00472920741984593, 0.0, 0.0, 0.0, 0.0039005136527308325, 0.0, 0.004879144199370219, 0.0, 0.0035038086003114774, 0.0, 0.00472920741984593, 0.0, 0.0, 0.0, 0.0039005136527308325, 0.0, 0.004879144199370219, 0.0, 0.0035038086003114774, 0.0, 0.00472920741984593, 0.0, 0.0, 0.0, 0.0039005136527308325, 0.0, 0.004879144199370219, 0.0, 0.0035038086003114774]
PaiR Avg. 0.011537401322927781 ## DeepNSGA-II Avg. 0.014891016654678721 ## NSGA-II Avg. 0.0017012673872258456
PaiR STD. 0.012960801787417302 ## DeepNSGA-II STD. 0.013801686624035766 ## NSGA-II STD. 0.0021416271114187584
********************************************************* 
hour: 26
significance (U-test):PaiR / DeepNSGA-II 0.7410592046535767
significance (U-test):PaiR / NSGA-II 1.3110936817894267e-05
VDA: PaiR / DeepNSGA-II 0.47874999999999995
VDA: PaiR / NSGA-II 0.7699999999999999
PaiR Datapoints [0.005367200379482818, 0.03835722066100223, 0.0, 0.005523828355918014, 0.01402843619369438, 0.031720301787453886, 0.0, 0.00802068546638482, 0.0, 0.015083130593848068, 0.005367200379482818, 0.03835722066100223, 0.0, 0.005523828355918014, 0.01402843619369438, 0.031720301787453886, 0.0, 0.00802068546638482, 0.0, 0.015083130593848068, 0.005367200379482818, 0.03835722066100223, 0.0, 0.005523828355918014, 0.01402843619369438, 0.031720301787453886, 0.0, 0.00802068546638482, 0.0, 0.015083130593848068, 0.005367200379482818, 0.03835722066100223, 0.0, 0.005523828355918014, 0.01402843619369438, 0.031720301787453886, 0.0, 0.00802068546638482, 0.0, 0.015083130593848068]
DeepNSGA-II Datapoints [0.0, 0.02419044516103885, 0.0, 0.0, 0.02387990075817139, 0.028262459780210886, 0.0, 0.021719236048922324, 0.0, 0.03019320642597148, 0.010470509935137937, 0.03320439882906664, 0.0, 0.0, 0.027118721855985073, 0.036789982057741276, 0.0, 0.029146869574044613, 0.0, 0.02269812364467751, 0.024257927344895087, 0.020457848019145877, 0.0, 0.0, 0.02827189450237849, 0.02184931623157376, 0.0, 0.02343694817318253, 0.0, 0.02771058747292529, 0.012529614721007335, 0.029423435882244848, 0.0, 0.0, 0.035859625501743625, 0.03111572673498262, 0.0, 0.02760586580008611, 0.0, 0.027908686703366648]
NSGA-II Datapoints [0.0, 0.005246234889081589, 0.0, 0.0, 0.0, 0.004207138635498318, 0.0, 0.006193505398729225, 0.0, 0.0037172199727092035, 0.0, 0.005246234889081589, 0.0, 0.0, 0.0, 0.004207138635498318, 0.0, 0.006193505398729225, 0.0, 0.0037172199727092035, 0.0, 0.005246234889081589, 0.0, 0.0, 0.0, 0.004207138635498318, 0.0, 0.006193505398729225, 0.0, 0.0037172199727092035, 0.0, 0.005246234889081589, 0.0, 0.0, 0.0, 0.004207138635498318, 0.0, 0.006193505398729225, 0.0, 0.0037172199727092035]
PaiR Avg. 0.011810080343778421 ## DeepNSGA-II Avg. 0.014952533278962501 ## NSGA-II Avg. 0.0019364098896018337
PaiR STD. 0.012932260240627911 ## DeepNSGA-II STD. 0.01384797977950821 ## NSGA-II STD. 0.002478696863042187
********************************************************* 
hour: 27
significance (U-test):PaiR / DeepNSGA-II 0.8320442338563072
significance (U-test):PaiR / NSGA-II 0.00010731215790263955
VDA: PaiR / DeepNSGA-II 0.48625000000000007
VDA: PaiR / NSGA-II 0.74
PaiR Datapoints [0.004507670811540919, 0.03835722066100223, 0.0, 0.005523828355918014, 0.01402843619369438, 0.03788935732097649, 0.0, 0.00802068546638482, 0.0, 0.015083130593848068, 0.004507670811540919, 0.03835722066100223, 0.0, 0.005523828355918014, 0.01402843619369438, 0.03788935732097649, 0.0, 0.00802068546638482, 0.0, 0.015083130593848068, 0.004507670811540919, 0.03835722066100223, 0.0, 0.005523828355918014, 0.01402843619369438, 0.03788935732097649, 0.0, 0.00802068546638482, 0.0, 0.015083130593848068, 0.004507670811540919, 0.03835722066100223, 0.0, 0.005523828355918014, 0.01402843619369438, 0.03788935732097649, 0.0, 0.00802068546638482, 0.0, 0.015083130593848068]
DeepNSGA-II Datapoints [0.0, 0.02419044516103885, 0.0, 0.0, 0.02387990075817139, 0.028262459780210886, 0.0, 0.021719236048922324, 0.0, 0.03019320642597148, 0.010470509935137937, 0.03320439882906664, 0.0, 0.0, 0.027118721855985073, 0.036789982057741276, 0.0, 0.0286893707888862, 0.0, 0.02269812364467751, 0.024257927344895087, 0.022308676100110753, 0.0, 0.0, 0.02827189450237849, 0.02184931623157376, 0.0, 0.02343694817318253, 0.0, 0.02771058747292529, 0.012529614721007335, 0.028298225887757673, 0.0, 0.0, 0.035859625501743625, 0.031305879244673686, 0.0, 0.02760586580008611, 0.0, 0.027908686703366648]
NSGA-II Datapoints [0.0, 0.006775685377312953, 0.0, 0.0, 0.0, 0.0038890075530932096, 0.0, 0.009407975728201758, 0.0, 0.0021432221866335113, 0.0, 0.006775685377312953, 0.0, 0.0, 0.0, 0.0038890075530932096, 0.0, 0.009407975728201758, 0.0, 0.0021432221866335113, 0.0, 0.006775685377312953, 0.0, 0.0, 0.0, 0.0038890075530932096, 0.0, 0.009407975728201758, 0.0, 0.0021432221866335113, 0.0, 0.006775685377312953, 0.0, 0.0, 0.0, 0.0038890075530932096, 0.0, 0.009407975728201758, 0.0, 0.0021432221866335113]
PaiR Avg. 0.012341032940336493 ## DeepNSGA-II Avg. 0.014963990074237762 ## NSGA-II Avg. 0.0022215890845241433
PaiR STD. 0.01404509169285517 ## DeepNSGA-II STD. 0.013834923687400693 ## NSGA-II STD. 0.003278259702784655
********************************************************* 
hour: 28
significance (U-test):PaiR / DeepNSGA-II 0.7710557768819031
significance (U-test):PaiR / NSGA-II 5.459340064629585e-05
VDA: PaiR / DeepNSGA-II 0.48125
VDA: PaiR / NSGA-II 0.75
PaiR Datapoints [0.0034316060976923926, 0.03835722066100223, 0.0, 0.005523828355918014, 0.01433182373345422, 0.037901910684137334, 0.0, 0.008743807209473372, 0.0, 0.015083130593848068, 0.0034316060976923926, 0.03835722066100223, 0.0, 0.005523828355918014, 0.01433182373345422, 0.037901910684137334, 0.0, 0.008743807209473372, 0.0, 0.015083130593848068, 0.0034316060976923926, 0.03835722066100223, 0.0, 0.005523828355918014, 0.01433182373345422, 0.037901910684137334, 0.0, 0.008743807209473372, 0.0, 0.015083130593848068, 0.0034316060976923926, 0.03835722066100223, 0.0, 0.005523828355918014, 0.01433182373345422, 0.037901910684137334, 0.0, 0.008743807209473372, 0.0, 0.015083130593848068]
DeepNSGA-II Datapoints [0.0, 0.025885652132759254, 0.0, 0.0, 0.02387990075817139, 0.027484641195419088, 0.0, 0.021719236048922324, 0.0, 0.03019320642597148, 0.010470509935137937, 0.03320439882906664, 0.0, 0.0, 0.027118721855985073, 0.03373723055137924, 0.0, 0.0286893707888862, 0.0, 0.02269812364467751, 0.024257927344895087, 0.022308676100110753, 0.0, 0.0, 0.02827189450237849, 0.02184931623157376, 0.0, 0.02343694817318253, 0.0, 0.02771058747292529, 0.019364714544723872, 0.028298225887757673, 0.0, 0.0, 0.035859625501743625, 0.031305879244673686, 0.0, 0.026837414176008413, 0.0, 0.02213716302926014]
NSGA-II Datapoints [0.0, 0.005563584647401147, 0.0, 0.0, 0.0, 0.0022353052532140135, 0.0, 0.007994770297044122, 0.0, 0.0026639785600977156, 0.0, 0.005563584647401147, 0.0, 0.0, 0.0, 0.0022353052532140135, 0.0, 0.007994770297044122, 0.0, 0.0026639785600977156, 0.0, 0.005563584647401147, 0.0, 0.0, 0.0, 0.0022353052532140135, 0.0, 0.007994770297044122, 0.0, 0.0026639785600977156, 0.0, 0.005563584647401147, 0.0, 0.0, 0.0, 0.0022353052532140135, 0.0, 0.007994770297044122, 0.0, 0.0026639785600977156]
PaiR Avg. 0.012337332733552564 ## DeepNSGA-II Avg. 0.014917984109390237 ## NSGA-II Avg. 0.0018457638757757
PaiR STD. 0.014096292239290494 ## DeepNSGA-II STD. 0.01361874522684776 ## NSGA-II STD. 0.0027342979171770497
********************************************************* 
hour: 29
significance (U-test):PaiR / DeepNSGA-II 0.7710557768819031
significance (U-test):PaiR / NSGA-II 2.7090188031918994e-05
VDA: PaiR / DeepNSGA-II 0.48125
VDA: PaiR / NSGA-II 0.76
PaiR Datapoints [0.003959901634762199, 0.03846854890012683, 0.0, 0.005523828355918014, 0.014516746955100197, 0.037901910684137334, 0.0, 0.008743807209473372, 0.0, 0.01511935153661273, 0.003959901634762199, 0.03846854890012683, 0.0, 0.005523828355918014, 0.014516746955100197, 0.037901910684137334, 0.0, 0.008743807209473372, 0.0, 0.01511935153661273, 0.003959901634762199, 0.03846854890012683, 0.0, 0.005523828355918014, 0.014516746955100197, 0.037901910684137334, 0.0, 0.008743807209473372, 0.0, 0.01511935153661273, 0.003959901634762199, 0.03846854890012683, 0.0, 0.005523828355918014, 0.014516746955100197, 0.037901910684137334, 0.0, 0.008743807209473372, 0.0, 0.01511935153661273]
DeepNSGA-II Datapoints [0.0, 0.025885652132759254, 0.0, 0.0, 0.021212305389669527, 0.027484641195419088, 0.0, 0.022098968988983555, 0.0, 0.03019320642597148, 0.010470509935137937, 0.03320439882906664, 0.0, 0.0, 0.027118721855985073, 0.03373723055137924, 0.0, 0.0286893707888862, 0.0, 0.02269812364467751, 0.024257927344895087, 0.022308676100110753, 0.0, 0.0, 0.02827189450237849, 0.024593535503722883, 0.0, 0.02343694817318253, 0.0, 0.02771058747292529, 0.019364714544723872, 0.028298225887757673, 0.0, 0.0, 0.034554650945231816, 0.032770970985595504, 0.0, 0.026837414176008413, 0.0, 0.02213716302926014]
NSGA-II Datapoints [0.0, 0.00536232160342552, 0.0, 0.0, 0.0, 0.0018967388610612757, 0.0, 0.006821984010067799, 0.0, 0.00285633521215024, 0.0, 0.00536232160342552, 0.0, 0.0, 0.0, 0.0018967388610612757, 0.0, 0.006821984010067799, 0.0, 0.00285633521215024, 0.0, 0.00536232160342552, 0.0, 0.0, 0.0, 0.0018967388610612757, 0.0, 0.006821984010067799, 0.0, 0.00285633521215024, 0.0, 0.00536232160342552, 0.0, 0.0, 0.0, 0.0018967388610612757, 0.0, 0.006821984010067799, 0.0, 0.00285633521215024]
PaiR Avg. 0.01242340952761307 ## DeepNSGA-II Avg. 0.014933395960093198 ## NSGA-II Avg. 0.0016937379686704835
PaiR STD. 0.014087461030572674 ## DeepNSGA-II STD. 0.01362569827831642 ## NSGA-II STD. 0.0024466145085949025
********************************************************* 
hour: 30
significance (U-test):PaiR / DeepNSGA-II 0.7710557768819031
significance (U-test):PaiR / NSGA-II 5.459340064629585e-05
VDA: PaiR / DeepNSGA-II 0.48125
VDA: PaiR / NSGA-II 0.75
PaiR Datapoints [0.0045284670097274545, 0.03846854890012683, 0.0, 0.005570712735024192, 0.014516746955100197, 0.038071184603748656, 0.0, 0.008743807209473372, 0.0, 0.01511935153661273, 0.0045284670097274545, 0.03846854890012683, 0.0, 0.005570712735024192, 0.014516746955100197, 0.038071184603748656, 0.0, 0.008743807209473372, 0.0, 0.01511935153661273, 0.0045284670097274545, 0.03846854890012683, 0.0, 0.005570712735024192, 0.014516746955100197, 0.038071184603748656, 0.0, 0.008743807209473372, 0.0, 0.01511935153661273, 0.0045284670097274545, 0.03846854890012683, 0.0, 0.005570712735024192, 0.014516746955100197, 0.038071184603748656, 0.0, 0.008743807209473372, 0.0, 0.01511935153661273]
DeepNSGA-II Datapoints [0.0, 0.025885652132759254, 0.0, 0.0, 0.021212305389669527, 0.027484641195419088, 0.0, 0.022098968988983555, 0.0, 0.03019320642597148, 0.010470509935137937, 0.03268741286416174, 0.0, 0.0, 0.027118721855985073, 0.03373723055137924, 0.0, 0.0286893707888862, 0.0, 0.02269812364467751, 0.024257927344895087, 0.025510212623305245, 0.0, 0.0, 0.02827189450237849, 0.024593535503722883, 0.0, 0.024091233977670587, 0.0, 0.02771058747292529, 0.019364714544723872, 0.028298225887757673, 0.0, 0.0, 0.034554650945231816, 0.032770970985595504, 0.0, 0.026837414176008413, 0.0, 0.023645050479749803]
NSGA-II Datapoints [0.0, 0.005718629490006305, 0.0, 0.0, 0.0, 0.0018717101139489926, 0.0, 0.006445863104182508, 0.0, 0.0031053827787786465, 0.0, 0.005718629490006305, 0.0, 0.0, 0.0, 0.0018717101139489926, 0.0, 0.006445863104182508, 0.0, 0.0031053827787786465, 0.0, 0.005718629490006305, 0.0, 0.0, 0.0, 0.0018717101139489926, 0.0, 0.006445863104182508, 0.0, 0.0031053827787786465, 0.0, 0.005718629490006305, 0.0, 0.0, 0.0, 0.0018717101139489926, 0.0, 0.006445863104182508, 0.0, 0.0031053827787786465]
PaiR Avg. 0.012501881894981345 ## DeepNSGA-II Avg. 0.015054564055424885 ## NSGA-II Avg. 0.0017141585486916452
PaiR STD. 0.014082535442791465 ## DeepNSGA-II STD. 0.013694976944006301 ## NSGA-II STD. 0.0024393185272540735
********************************************************* 
hour: 31
significance (U-test):PaiR / DeepNSGA-II 0.7710557768819031
significance (U-test):PaiR / NSGA-II 5.459340064629585e-05
VDA: PaiR / DeepNSGA-II 0.48125
VDA: PaiR / NSGA-II 0.75
PaiR Datapoints [0.004775698593323123, 0.03931165716222322, 0.0, 0.005570712735024192, 0.014516746955100197, 0.038071184603748656, 0.0, 0.008743807209473372, 0.0, 0.01511935153661273, 0.004775698593323123, 0.03931165716222322, 0.0, 0.005570712735024192, 0.014516746955100197, 0.038071184603748656, 0.0, 0.008743807209473372, 0.0, 0.01511935153661273, 0.004775698593323123, 0.03931165716222322, 0.0, 0.005570712735024192, 0.014516746955100197, 0.038071184603748656, 0.0, 0.008743807209473372, 0.0, 0.01511935153661273, 0.004775698593323123, 0.03931165716222322, 0.0, 0.005570712735024192, 0.014516746955100197, 0.038071184603748656, 0.0, 0.008743807209473372, 0.0, 0.01511935153661273]
DeepNSGA-II Datapoints [0.0, 0.025885652132759254, 0.0, 0.0, 0.021212305389669527, 0.027484641195419088, 0.0, 0.022098968988983555, 0.0, 0.03019320642597148, 0.010470509935137937, 0.03268741286416174, 0.0, 0.0, 0.027118721855985073, 0.03373723055137924, 0.0, 0.0286893707888862, 0.0, 0.024401544066173467, 0.024257927344895087, 0.025510212623305245, 0.0, 0.0, 0.02827189450237849, 0.024593535503722883, 0.0, 0.024091233977670587, 0.0, 0.02771058747292529, 0.019364714544723872, 0.028298225887757673, 0.0, 0.0, 0.034554650945231816, 0.032770970985595504, 0.0, 0.02706216886850043, 0.0, 0.023645050479749803]
NSGA-II Datapoints [0.0, 0.0059985993329164594, 0.0, 0.0, 0.0, 0.002058185939734199, 0.0, 0.005600612256161254, 0.0, 0.003383970375063682, 0.0, 0.0059985993329164594, 0.0, 0.0, 0.0, 0.002058185939734199, 0.0, 0.005600612256161254, 0.0, 0.003383970375063682, 0.0, 0.0059985993329164594, 0.0, 0.0, 0.0, 0.002058185939734199, 0.0, 0.005600612256161254, 0.0, 0.003383970375063682, 0.0, 0.0059985993329164594, 0.0, 0.0, 0.0, 0.002058185939734199, 0.0, 0.005600612256161254, 0.0, 0.003383970375063682]
PaiR Avg. 0.012610915879550547 ## DeepNSGA-II Avg. 0.015102768433274582 ## NSGA-II Avg. 0.0017041367903875594
PaiR STD. 0.014229238687149799 ## DeepNSGA-II STD. 0.013726952197257293 ## NSGA-II STD. 0.0023533198472563423
********************************************************* 
hour: 32
significance (U-test):PaiR / DeepNSGA-II 0.7710557768819031
significance (U-test):PaiR / NSGA-II 1.3110936817894267e-05
VDA: PaiR / DeepNSGA-II 0.48125
VDA: PaiR / NSGA-II 0.7699999999999999
PaiR Datapoints [0.004775698593323123, 0.03931165716222322, 0.0, 0.006369227000836947, 0.01451887567110442, 0.038071184603748656, 0.0, 0.008743807209473372, 0.0, 0.01511935153661273, 0.004775698593323123, 0.03931165716222322, 0.0, 0.006369227000836947, 0.01451887567110442, 0.038071184603748656, 0.0, 0.008743807209473372, 0.0, 0.01511935153661273, 0.004775698593323123, 0.03931165716222322, 0.0, 0.006369227000836947, 0.01451887567110442, 0.038071184603748656, 0.0, 0.008743807209473372, 0.0, 0.01511935153661273, 0.004775698593323123, 0.03931165716222322, 0.0, 0.006369227000836947, 0.01451887567110442, 0.038071184603748656, 0.0, 0.008743807209473372, 0.0, 0.01511935153661273]
DeepNSGA-II Datapoints [0.0, 0.025885652132759254, 0.0, 0.0, 0.021212305389669527, 0.026465706628552837, 0.0, 0.022098968988983555, 0.0, 0.03019320642597148, 0.010470509935137937, 0.03268741286416174, 0.0, 0.0, 0.027118721855985073, 0.03373723055137924, 0.0, 0.0286893707888862, 0.0, 0.024401544066173467, 0.024257927344895087, 0.025510212623305245, 0.0, 0.0, 0.02827189450237849, 0.024929080220767882, 0.0, 0.024091233977670587, 0.0, 0.02771058747292529, 0.019364714544723872, 0.028298225887757673, 0.0, 0.0, 0.034554650945231816, 0.032770970985595504, 0.0, 0.02706216886850043, 0.0, 0.02133898261181387]
NSGA-II Datapoints [0.0, 0.00615525615275147, 0.0, 0.0, 0.0, 0.0024918985000923796, 0.0, 0.005016002358062561, 0.0, 0.003966604169137116, 0.0, 0.00615525615275147, 0.0, 0.0, 0.0, 0.0024918985000923796, 0.0, 0.005016002358062561, 0.0, 0.003966604169137116, 0.0, 0.00615525615275147, 0.0, 0.0, 0.0, 0.0024918985000923796, 0.0, 0.005016002358062561, 0.0, 0.003966604169137116, 0.0, 0.00615525615275147, 0.0, 0.0, 0.0, 0.0024918985000923796, 0.0, 0.005016002358062561, 0.0, 0.003966604169137116]
PaiR Avg. 0.012690980177732247 ## DeepNSGA-II Avg. 0.015028031990330652 ## NSGA-II Avg. 0.001762976118004353
PaiR STD. 0.014190761758547275 ## DeepNSGA-II STD. 0.013678284442942727 ## NSGA-II STD. 0.0023514341898556537
********************************************************* 
hour: 33
significance (U-test):PaiR / DeepNSGA-II 0.7710557768819031
significance (U-test):PaiR / NSGA-II 6.188379316976008e-06
VDA: PaiR / DeepNSGA-II 0.48125
VDA: PaiR / NSGA-II 0.78
PaiR Datapoints [0.004800238350457185, 0.03931855659547904, 0.0, 0.0068568097898959865, 0.013103093858970861, 0.038071184603748656, 0.0, 0.009035639100860646, 0.0, 0.016370545911862835, 0.004800238350457185, 0.03931855659547904, 0.0, 0.0068568097898959865, 0.013103093858970861, 0.038071184603748656, 0.0, 0.009035639100860646, 0.0, 0.016370545911862835, 0.004800238350457185, 0.03931855659547904, 0.0, 0.0068568097898959865, 0.013103093858970861, 0.038071184603748656, 0.0, 0.009035639100860646, 0.0, 0.016370545911862835, 0.004800238350457185, 0.03931855659547904, 0.0, 0.0068568097898959865, 0.013103093858970861, 0.038071184603748656, 0.0, 0.009035639100860646, 0.0, 0.016370545911862835]
DeepNSGA-II Datapoints [0.0, 0.025885652132759254, 0.0, 0.0, 0.021212305389669527, 0.026465706628552837, 0.0, 0.022098968988983555, 0.0, 0.03019320642597148, 0.010470509935137937, 0.03235754811723841, 0.0, 0.0, 0.027118721855985073, 0.032527479299970234, 0.0, 0.0286893707888862, 0.0, 0.024401544066173467, 0.024257927344895087, 0.026011696262929547, 0.0, 0.0, 0.02972939890871936, 0.024929080220767882, 0.0, 0.024212527050292164, 0.0, 0.027532895571969893, 0.019364714544723872, 0.028298225887757673, 0.0, 0.0, 0.034554650945231816, 0.032770970985595504, 0.0, 0.02706216886850043, 0.0, 0.02133898261181387]
NSGA-II Datapoints [0.0, 0.005814326520414954, 0.0, 0.0, 0.0, 0.002103225761465541, 0.0, 0.0044187397698328456, 0.0, 0.003461400164589932, 0.0, 0.005814326520414954, 0.0, 0.0, 0.0, 0.002103225761465541, 0.0, 0.0044187397698328456, 0.0, 0.003461400164589932, 0.0, 0.005814326520414954, 0.0, 0.0, 0.0, 0.002103225761465541, 0.0, 0.0044187397698328456, 0.0, 0.003461400164589932, 0.0, 0.005814326520414954, 0.0, 0.0, 0.0, 0.002103225761465541, 0.0, 0.0044187397698328456, 0.0, 0.003461400164589932]
PaiR Avg. 0.01275560682112752 ## DeepNSGA-II Avg. 0.01503710632081313 ## NSGA-II Avg. 0.0015797692216303276
PaiR STD. 0.014177250396824615 ## DeepNSGA-II STD. 0.013672551183417963 ## NSGA-II STD. 0.0021430817926292134
********************************************************* 
hour: 34
significance (U-test):PaiR / DeepNSGA-II 0.7410592046535767
significance (U-test):PaiR / NSGA-II 6.188379316976008e-06
VDA: PaiR / DeepNSGA-II 0.47874999999999995
VDA: PaiR / NSGA-II 0.78
PaiR Datapoints [0.004800238350457185, 0.03931855659547904, 0.0, 0.00689635744737547, 0.01337715014904542, 0.038071184603748656, 0.0, 0.009035639100860646, 0.0, 0.016370545911862835, 0.004800238350457185, 0.03931855659547904, 0.0, 0.00689635744737547, 0.01337715014904542, 0.038071184603748656, 0.0, 0.009035639100860646, 0.0, 0.016370545911862835, 0.004800238350457185, 0.03931855659547904, 0.0, 0.00689635744737547, 0.01337715014904542, 0.038071184603748656, 0.0, 0.009035639100860646, 0.0, 0.016370545911862835, 0.004800238350457185, 0.03931855659547904, 0.0, 0.00689635744737547, 0.01337715014904542, 0.038071184603748656, 0.0, 0.009035639100860646, 0.0, 0.016370545911862835]
DeepNSGA-II Datapoints [0.0, 0.025885652132759254, 0.0, 0.0, 0.021212305389669527, 0.026465706628552837, 0.0, 0.022098968988983555, 0.0, 0.03019320642597148, 0.014814083267197043, 0.03235754811723841, 0.0, 0.0, 0.027118721855985073, 0.032527479299970234, 0.0, 0.02820093010864494, 0.0, 0.024401544066173467, 0.024257927344895087, 0.026011696262929547, 0.0, 0.0, 0.02972939890871936, 0.02380269946610677, 0.0, 0.024212527050292164, 0.0, 0.027532895571969893, 0.019364714544723872, 0.028298225887757673, 0.0, 0.0, 0.034554650945231816, 0.032126303208670125, 0.0, 0.02717380097647583, 0.0, 0.02133898261181387]
NSGA-II Datapoints [0.0, 0.004420720170286171, 0.0, 0.0, 0.0, 0.0021262309875962433, 0.0, 0.00532208468266516, 0.0, 0.0031557574372092314, 0.0, 0.004420720170286171, 0.0, 0.0, 0.0, 0.0021262309875962433, 0.0, 0.00532208468266516, 0.0, 0.0031557574372092314, 0.0, 0.004420720170286171, 0.0, 0.0, 0.0, 0.0021262309875962433, 0.0, 0.00532208468266516, 0.0, 0.0031557574372092314, 0.0, 0.004420720170286171, 0.0, 0.0, 0.0, 0.0021262309875962433, 0.0, 0.00532208468266516, 0.0, 0.0031557574372092314]
PaiR Avg. 0.012786967215882924 ## DeepNSGA-II Avg. 0.015091999226518295 ## NSGA-II Avg. 0.0015024793277756804
PaiR STD. 0.014176493407047647 ## DeepNSGA-II STD. 0.013602240874517623 ## NSGA-II STD. 0.0020197124472816287
********************************************************* 
hour: 35
significance (U-test):PaiR / DeepNSGA-II 0.7410592046535767
significance (U-test):PaiR / NSGA-II 6.188379316976008e-06
VDA: PaiR / DeepNSGA-II 0.47874999999999995
VDA: PaiR / NSGA-II 0.78
PaiR Datapoints [0.005099056723722934, 0.0401552684459229, 0.0, 0.008703358588571259, 0.01337715014904542, 0.038071184603748656, 0.0, 0.009035639100860646, 0.0, 0.017150371276263225, 0.005099056723722934, 0.0401552684459229, 0.0, 0.008703358588571259, 0.01337715014904542, 0.038071184603748656, 0.0, 0.009035639100860646, 0.0, 0.017150371276263225, 0.005099056723722934, 0.0401552684459229, 0.0, 0.008703358588571259, 0.01337715014904542, 0.038071184603748656, 0.0, 0.009035639100860646, 0.0, 0.017150371276263225, 0.005099056723722934, 0.0401552684459229, 0.0, 0.008703358588571259, 0.01337715014904542, 0.038071184603748656, 0.0, 0.009035639100860646, 0.0, 0.017150371276263225]
DeepNSGA-II Datapoints [0.0, 0.025885652132759254, 0.0, 0.0, 0.020873461104815173, 0.026465706628552837, 0.0, 0.022098968988983555, 0.0, 0.03019320642597148, 0.014814083267197043, 0.031764102641696136, 0.0, 0.0, 0.027118721855985073, 0.032527479299970234, 0.0, 0.02820093010864494, 0.0, 0.024401544066173467, 0.024257927344895087, 0.026011696262929547, 0.0, 0.0, 0.02972939890871936, 0.02380269946610677, 0.0, 0.024212527050292164, 0.0, 0.027532895571969893, 0.019364714544723872, 0.028298225887757673, 0.0, 0.0, 0.03260592295133914, 0.032126303208670125, 0.0, 0.02717380097647583, 0.0, 0.02133898261181387]
NSGA-II Datapoints [0.0, 0.004674928470339415, 0.0, 0.0, 0.0, 0.002390383179811124, 0.0, 0.006292269660442678, 0.0, 0.0040729675825781275, 0.0, 0.004674928470339415, 0.0, 0.0, 0.0, 0.002390383179811124, 0.0, 0.006292269660442678, 0.0, 0.0040729675825781275, 0.0, 0.004674928470339415, 0.0, 0.0, 0.0, 0.002390383179811124, 0.0, 0.006292269660442678, 0.0, 0.0040729675825781275, 0.0, 0.004674928470339415, 0.0, 0.0, 0.0, 0.002390383179811124, 0.0, 0.006292269660442678, 0.0, 0.0040729675825781275]
PaiR Avg. 0.013159202888813504 ## DeepNSGA-II Avg. 0.015019973782661062 ## NSGA-II Avg. 0.0017430548893171342
PaiR STD. 0.014274558539440098 ## DeepNSGA-II STD. 0.013511039673187994 ## NSGA-II STD. 0.0023395859130843142
********************************************************* 
hour: 36
significance (U-test):PaiR / DeepNSGA-II 0.7410592046535767
significance (U-test):PaiR / NSGA-II 1.3110936817894267e-05
VDA: PaiR / DeepNSGA-II 0.47874999999999995
VDA: PaiR / NSGA-II 0.7699999999999999
PaiR Datapoints [0.005099056723722934, 0.04040444119023572, 0.0, 0.009188078970152915, 0.01337715014904542, 0.03695206956800363, 0.0, 0.009038141024377444, 0.0, 0.017438556855552404, 0.005099056723722934, 0.04040444119023572, 0.0, 0.009188078970152915, 0.01337715014904542, 0.03695206956800363, 0.0, 0.009038141024377444, 0.0, 0.017438556855552404, 0.005099056723722934, 0.04040444119023572, 0.0, 0.009188078970152915, 0.01337715014904542, 0.03695206956800363, 0.0, 0.009038141024377444, 0.0, 0.017438556855552404, 0.005099056723722934, 0.04040444119023572, 0.0, 0.009188078970152915, 0.01337715014904542, 0.03695206956800363, 0.0, 0.009038141024377444, 0.0, 0.017438556855552404]
DeepNSGA-II Datapoints [0.0, 0.026364423200614745, 0.0, 0.0, 0.020873461104815173, 0.026465706628552837, 0.0, 0.022098968988983555, 0.0, 0.03024928855429033, 0.014814083267197043, 0.031764102641696136, 0.0, 0.0, 0.027118721855985073, 0.028590035464752667, 0.0, 0.02820093010864494, 0.0, 0.024401544066173467, 0.024257927344895087, 0.027223907355035874, 0.0, 0.0, 0.02972939890871936, 0.02380269946610677, 0.0, 0.024212527050292164, 0.0, 0.027532895571969893, 0.019364714544723872, 0.02938026773377068, 0.0, 0.0, 0.03260592295133914, 0.032126303208670125, 0.0, 0.026481742288433276, 0.0, 0.02178437856703274]
NSGA-II Datapoints [0.0, 0.004063439994311397, 0.0, 0.0, 0.0, 0.002471160427802932, 0.0, 0.005879676381013856, 0.0, 0.0057370151456681015, 0.0, 0.004063439994311397, 0.0, 0.0, 0.0, 0.002471160427802932, 0.0, 0.005879676381013856, 0.0, 0.0057370151456681015, 0.0, 0.004063439994311397, 0.0, 0.0, 0.0, 0.002471160427802932, 0.0, 0.005879676381013856, 0.0, 0.0057370151456681015, 0.0, 0.004063439994311397, 0.0, 0.0, 0.0, 0.002471160427802932, 0.0, 0.005879676381013856, 0.0, 0.0057370151456681015]
PaiR Avg. 0.013149749448109047 ## DeepNSGA-II Avg. 0.014986098771817374 ## NSGA-II Avg. 0.0018151291948796289
PaiR STD. 0.014120273793008477 ## DeepNSGA-II STD. 0.013451540828110823 ## NSGA-II STD. 0.0024211710587497557
********************************************************* 
hour: 37
significance (U-test):PaiR / DeepNSGA-II 0.5582394986422665
significance (U-test):PaiR / NSGA-II 6.188379316976008e-06
VDA: PaiR / DeepNSGA-II 0.4625
VDA: PaiR / NSGA-II 0.78
PaiR Datapoints [0.005741345928367691, 0.04070518104027759, 0.0, 0.009188078970152915, 0.01337715014904542, 0.037381858276325876, 0.0, 0.010770662504176806, 0.0, 0.018588124621579976, 0.005741345928367691, 0.04070518104027759, 0.0, 0.009188078970152915, 0.01337715014904542, 0.037381858276325876, 0.0, 0.010770662504176806, 0.0, 0.018588124621579976, 0.005741345928367691, 0.04070518104027759, 0.0, 0.009188078970152915, 0.01337715014904542, 0.037381858276325876, 0.0, 0.010770662504176806, 0.0, 0.018588124621579976, 0.005741345928367691, 0.04070518104027759, 0.0, 0.009188078970152915, 0.01337715014904542, 0.037381858276325876, 0.0, 0.010770662504176806, 0.0, 0.018588124621579976]
DeepNSGA-II Datapoints [0.037049837471940156, 0.026364423200614745, 0.0, 0.0, 0.020873461104815173, 0.026465706628552837, 0.0, 0.021594639439654704, 0.0, 0.03024928855429033, 0.014814083267197043, 0.031764102641696136, 0.0, 0.0, 0.027118721855985073, 0.028590035464752667, 0.0, 0.02676110115152241, 0.0, 0.024401544066173467, 0.024257927344895087, 0.027223907355035874, 0.0, 0.0, 0.02972939890871936, 0.02401960389483752, 0.0, 0.023750717534676627, 0.0, 0.027532895571969893, 0.019364714544723872, 0.02938026773377068, 0.0, 0.0, 0.03260592295133914, 0.03182211738975395, 0.0, 0.026481742288433276, 0.0, 0.02178437856703274]
NSGA-II Datapoints [0.0, 0.004715151921198152, 0.0, 0.0, 0.0, 0.003640602973070003, 0.0, 0.004445589264660953, 0.0, 0.006012161246793809, 0.0, 0.004715151921198152, 0.0, 0.0, 0.0, 0.003640602973070003, 0.0, 0.004445589264660953, 0.0, 0.006012161246793809, 0.0, 0.004715151921198152, 0.0, 0.0, 0.0, 0.003640602973070003, 0.0, 0.004445589264660953, 0.0, 0.006012161246793809, 0.0, 0.004715151921198152, 0.0, 0.0, 0.0, 0.003640602973070003, 0.0, 0.004445589264660953, 0.0, 0.006012161246793809]
PaiR Avg. 0.01357524014899263 ## DeepNSGA-II Avg. 0.015850013473309568 ## NSGA-II Avg. 0.0018813505405722917
PaiR STD. 0.014211953014536916 ## DeepNSGA-II STD. 0.0136170260936765 ## NSGA-II STD. 0.0023966043467502467
********************************************************* 
hour: 38
significance (U-test):PaiR / DeepNSGA-II 0.6123363164079346
significance (U-test):PaiR / NSGA-II 1.3110936817894267e-05
VDA: PaiR / DeepNSGA-II 0.4675000000000001
VDA: PaiR / NSGA-II 0.7699999999999999
PaiR Datapoints [0.005741345928367691, 0.04220442115965304, 0.0, 0.009188078970152915, 0.01342901494372028, 0.038447966283566753, 0.0, 0.011536241886584949, 0.0, 0.020080556441317062, 0.005741345928367691, 0.04220442115965304, 0.0, 0.009188078970152915, 0.01342901494372028, 0.038447966283566753, 0.0, 0.011536241886584949, 0.0, 0.020080556441317062, 0.005741345928367691, 0.04220442115965304, 0.0, 0.009188078970152915, 0.01342901494372028, 0.038447966283566753, 0.0, 0.011536241886584949, 0.0, 0.020080556441317062, 0.005741345928367691, 0.04220442115965304, 0.0, 0.009188078970152915, 0.01342901494372028, 0.038447966283566753, 0.0, 0.011536241886584949, 0.0, 0.020080556441317062]
DeepNSGA-II Datapoints [0.037049837471940156, 0.026364423200614745, 0.0, 0.0, 0.020873461104815173, 0.026465706628552837, 0.0, 0.021594639439654704, 0.0, 0.03024928855429033, 0.011663116848485932, 0.031764102641696136, 0.0, 0.0, 0.031150050909543456, 0.028590035464752667, 0.0, 0.02676110115152241, 0.0, 0.024401544066173467, 0.024257927344895087, 0.027223907355035874, 0.0, 0.0, 0.02972939890871936, 0.02401960389483752, 0.0, 0.023750717534676627, 0.0, 0.027532895571969893, 0.019364714544723872, 0.02668826216280806, 0.0, 0.0, 0.03260592295133914, 0.03182211738975395, 0.0, 0.026481742288433276, 0.0, 0.02178437856703274]
NSGA-II Datapoints [0.0, 0.0061991922235896495, 0.0, 0.0, 0.0, 0.003931761496164676, 0.0, 0.0021312933096935198, 0.0, 0.006986036969731915, 0.0, 0.0061991922235896495, 0.0, 0.0, 0.0, 0.003931761496164676, 0.0, 0.0021312933096935198, 0.0, 0.006986036969731915, 0.0, 0.0061991922235896495, 0.0, 0.0, 0.0, 0.003931761496164676, 0.0, 0.0021312933096935198, 0.0, 0.006986036969731915, 0.0, 0.0061991922235896495, 0.0, 0.0, 0.0, 0.003931761496164676, 0.0, 0.0021312933096935198, 0.0, 0.006986036969731915]
PaiR Avg. 0.01406276256133627 ## DeepNSGA-II Avg. 0.015804722399906684 ## NSGA-II Avg. 0.0019248283999179759
PaiR STD. 0.01473138036475032 ## DeepNSGA-II STD. 0.013671413838820758 ## NSGA-II STD. 0.0026830180616350674
********************************************************* 
hour: 39
significance (U-test):PaiR / DeepNSGA-II 0.6402260303390113
significance (U-test):PaiR / NSGA-II 6.188379316976008e-06
VDA: PaiR / DeepNSGA-II 0.4699999999999999
VDA: PaiR / NSGA-II 0.78
PaiR Datapoints [0.00574845671103001, 0.04220442115965304, 0.0, 0.010384859999674798, 0.01342901494372028, 0.038447966283566753, 0.0, 0.0118982487677222, 0.0, 0.020080556441317062, 0.00574845671103001, 0.04220442115965304, 0.0, 0.010384859999674798, 0.01342901494372028, 0.038447966283566753, 0.0, 0.0118982487677222, 0.0, 0.020080556441317062, 0.00574845671103001, 0.04220442115965304, 0.0, 0.010384859999674798, 0.01342901494372028, 0.038447966283566753, 0.0, 0.0118982487677222, 0.0, 0.020080556441317062, 0.00574845671103001, 0.04220442115965304, 0.0, 0.010384859999674798, 0.01342901494372028, 0.038447966283566753, 0.0, 0.0118982487677222, 0.0, 0.020080556441317062]
DeepNSGA-II Datapoints [0.037049837471940156, 0.02637798770994651, 0.0, 0.0, 0.020873461104815173, 0.026465706628552837, 0.0, 0.022114797749188165, 0.0, 0.028053996347436168, 0.011663116848485932, 0.031764102641696136, 0.0, 0.0, 0.031150050909543456, 0.028590035464752667, 0.0, 0.02676110115152241, 0.0, 0.024401544066173467, 0.024257927344895087, 0.02837437379202535, 0.0, 0.0, 0.029955697816831148, 0.02401960389483752, 0.0, 0.02389378625014078, 0.0, 0.027532895571969893, 0.019364714544723872, 0.02668826216280806, 0.0, 0.0, 0.03145411296377161, 0.03182211738975395, 0.0, 0.026481742288433276, 0.0, 0.02178437856703274]
NSGA-II Datapoints [0.0, 0.0050187429297791596, 0.0, 0.0, 0.0, 0.003592629732485507, 0.0, 0.002775778499526241, 0.0, 0.008579237351863514, 0.0, 0.0050187429297791596, 0.0, 0.0, 0.0, 0.003592629732485507, 0.0, 0.002775778499526241, 0.0, 0.008579237351863514, 0.0, 0.0050187429297791596, 0.0, 0.0, 0.0, 0.003592629732485507, 0.0, 0.002775778499526241, 0.0, 0.008579237351863514, 0.0, 0.0050187429297791596, 0.0, 0.0, 0.0, 0.003592629732485507, 0.0, 0.002775778499526241, 0.0, 0.008579237351863514]
PaiR Avg. 0.014219352430668413 ## DeepNSGA-II Avg. 0.015772383767031908 ## NSGA-II Avg. 0.0019966388513654424
PaiR STD. 0.014688509467414648 ## DeepNSGA-II STD. 0.01362144020568586 ## NSGA-II STD. 0.0028561649341905166
********************************************************* 
hour: 40
significance (U-test):PaiR / DeepNSGA-II 0.6402260303390113
significance (U-test):PaiR / NSGA-II 1.3110936817894267e-05
VDA: PaiR / DeepNSGA-II 0.4699999999999999
VDA: PaiR / NSGA-II 0.7699999999999999
PaiR Datapoints [0.005786829218524763, 0.04220442115965304, 0.0, 0.010384859999674798, 0.01342901494372028, 0.04059098727885503, 0.0, 0.012332608009466603, 0.0, 0.020080556441317062, 0.005786829218524763, 0.04220442115965304, 0.0, 0.010384859999674798, 0.01342901494372028, 0.04059098727885503, 0.0, 0.012332608009466603, 0.0, 0.020080556441317062, 0.005786829218524763, 0.04220442115965304, 0.0, 0.010384859999674798, 0.01342901494372028, 0.04059098727885503, 0.0, 0.012332608009466603, 0.0, 0.020080556441317062, 0.005786829218524763, 0.04220442115965304, 0.0, 0.010384859999674798, 0.01342901494372028, 0.04059098727885503, 0.0, 0.012332608009466603, 0.0, 0.020080556441317062]
DeepNSGA-II Datapoints [0.037049837471940156, 0.02637798770994651, 0.0, 0.0, 0.020873461104815173, 0.026465706628552837, 0.0, 0.022114797749188165, 0.0, 0.028053996347436168, 0.011663116848485932, 0.031764102641696136, 0.0, 0.0, 0.031150050909543456, 0.028590035464752667, 0.0, 0.02676110115152241, 0.0, 0.024401544066173467, 0.024257927344895087, 0.02837437379202535, 0.0, 0.0, 0.029955697816831148, 0.02401960389483752, 0.0, 0.02389378625014078, 0.0, 0.027532895571969893, 0.019364714544723872, 0.02668826216280806, 0.0, 0.0, 0.03145411296377161, 0.03182211738975395, 0.0, 0.026481742288433276, 0.0, 0.02178437856703274]
NSGA-II Datapoints [0.0, 0.006093373440918167, 0.0, 0.0, 0.0, 0.003414753355039627, 0.0, 0.0033157521172527916, 0.0, 0.009077717686583596, 0.0, 0.006093373440918167, 0.0, 0.0, 0.0, 0.003414753355039627, 0.0, 0.0033157521172527916, 0.0, 0.009077717686583596, 0.0, 0.006093373440918167, 0.0, 0.0, 0.0, 0.003414753355039627, 0.0, 0.0033157521172527916, 0.0, 0.009077717686583596, 0.0, 0.006093373440918167, 0.0, 0.0, 0.0, 0.003414753355039627, 0.0, 0.0033157521172527916, 0.0, 0.009077717686583596]
PaiR Avg. 0.014480927705121155 ## DeepNSGA-II Avg. 0.015772383767031908 ## NSGA-II Avg. 0.002190159659979418
PaiR STD. 0.015051575813125382 ## DeepNSGA-II STD. 0.01362144020568586 ## NSGA-II STD. 0.0031086466262067376
********************************************************* 
