hour: 1
significance (U-test):PaiR / DeepNSGA-II 1.0
significance (U-test):PaiR / NSGA-II 1.0
VDA: PaiR / DeepNSGA-II 0.5
VDA: PaiR / NSGA-II 0.5
PaiR Datapoints [0.0, 0.0, 0.0, 0.0, 0.0, 0.0, 0.0, 0.0, 0.0, 0.0, 0.0, 0.0, 0.0, 0.0, 0.0, 0.0, 0.0, 0.0, 0.0, 0.0, 0.0, 0.0, 0.0, 0.0, 0.0, 0.0, 0.0, 0.0, 0.0, 0.0, 0.0, 0.0, 0.0, 0.0, 0.0, 0.0, 0.0, 0.0, 0.0, 0.0]
DeepNSGA-II Datapoints [0.0, 0.0, 0.0, 0.0, 0.0, 0.0, 0.0, 0.0, 0.0, 0.0, 0.0, 0.0, 0.0, 0.0, 0.0, 0.0, 0.0, 0.0, 0.0, 0.0, 0.0, 0.0, 0.0, 0.0, 0.0, 0.0, 0.0, 0.0, 0.0, 0.0, 0.0, 0.0, 0.0, 0.0, 0.0, 0.0, 0.0, 0.0, 0.0, 0.0]
NSGA-II Datapoints [0.0, 0.0, 0.0, 0.0, 0.0, 0.0, 0.0, 0.0, 0.0, 0.0, 0.0, 0.0, 0.0, 0.0, 0.0, 0.0, 0.0, 0.0, 0.0, 0.0, 0.0, 0.0, 0.0, 0.0, 0.0, 0.0, 0.0, 0.0, 0.0, 0.0, 0.0, 0.0, 0.0, 0.0, 0.0, 0.0, 0.0, 0.0, 0.0, 0.0]
PaiR Avg. 0.0 ## DeepNSGA-II Avg. 0.0 ## NSGA-II Avg. 0.0
PaiR STD. 0.0 ## DeepNSGA-II STD. 0.0 ## NSGA-II STD. 0.0
********************************************************* 
hour: 2
significance (U-test):PaiR / DeepNSGA-II 0.042729205065331344
significance (U-test):PaiR / NSGA-II 0.042729205065331344
VDA: PaiR / DeepNSGA-II 0.55
VDA: PaiR / NSGA-II 0.55
PaiR Datapoints [0.0, 0.0, 0.0, 0.0, 0.0, 0.0, 0.0, 6.666666666666667, 0.0, 0.0, 0.0, 0.0, 0.0, 0.0, 0.0, 0.0, 0.0, 6.666666666666667, 0.0, 0.0, 0.0, 0.0, 0.0, 0.0, 0.0, 0.0, 0.0, 6.666666666666667, 0.0, 0.0, 0.0, 0.0, 0.0, 0.0, 0.0, 0.0, 0.0, 6.666666666666667, 0.0, 0.0]
DeepNSGA-II Datapoints [0.0, 0.0, 0.0, 0.0, 0.0, 0.0, 0.0, 0.0, 0.0, 0.0, 0.0, 0.0, 0.0, 0.0, 0.0, 0.0, 0.0, 0.0, 0.0, 0.0, 0.0, 0.0, 0.0, 0.0, 0.0, 0.0, 0.0, 0.0, 0.0, 0.0, 0.0, 0.0, 0.0, 0.0, 0.0, 0.0, 0.0, 0.0, 0.0, 0.0]
NSGA-II Datapoints [0.0, 0.0, 0.0, 0.0, 0.0, 0.0, 0.0, 0.0, 0.0, 0.0, 0.0, 0.0, 0.0, 0.0, 0.0, 0.0, 0.0, 0.0, 0.0, 0.0, 0.0, 0.0, 0.0, 0.0, 0.0, 0.0, 0.0, 0.0, 0.0, 0.0, 0.0, 0.0, 0.0, 0.0, 0.0, 0.0, 0.0, 0.0, 0.0, 0.0]
PaiR Avg. 0.6666666666666667 ## DeepNSGA-II Avg. 0.0 ## NSGA-II Avg. 0.0
PaiR STD. 2.0254787341673333 ## DeepNSGA-II STD. 0.0 ## NSGA-II STD. 0.0
********************************************************* 
hour: 3
significance (U-test):PaiR / DeepNSGA-II 0.0031841280112012223
significance (U-test):PaiR / NSGA-II 0.0031841280112012223
VDA: PaiR / DeepNSGA-II 0.6
VDA: PaiR / NSGA-II 0.6
PaiR Datapoints [0.0, 0.0, 0.0, 0.0, 0.0, 0.0, 0.0, 13.333333333333334, 0.0, 6.666666666666667, 0.0, 0.0, 0.0, 0.0, 0.0, 0.0, 0.0, 13.333333333333334, 0.0, 6.666666666666667, 0.0, 0.0, 0.0, 0.0, 0.0, 0.0, 0.0, 13.333333333333334, 0.0, 6.666666666666667, 0.0, 0.0, 0.0, 0.0, 0.0, 0.0, 0.0, 13.333333333333334, 0.0, 6.666666666666667]
DeepNSGA-II Datapoints [0.0, 0.0, 0.0, 0.0, 0.0, 0.0, 0.0, 0.0, 0.0, 0.0, 0.0, 0.0, 0.0, 0.0, 0.0, 0.0, 0.0, 0.0, 0.0, 0.0, 0.0, 0.0, 0.0, 0.0, 0.0, 0.0, 0.0, 0.0, 0.0, 0.0, 0.0, 0.0, 0.0, 0.0, 0.0, 0.0, 0.0, 0.0, 0.0, 0.0]
NSGA-II Datapoints [0.0, 0.0, 0.0, 0.0, 0.0, 0.0, 0.0, 0.0, 0.0, 0.0, 0.0, 0.0, 0.0, 0.0, 0.0, 0.0, 0.0, 0.0, 0.0, 0.0, 0.0, 0.0, 0.0, 0.0, 0.0, 0.0, 0.0, 0.0, 0.0, 0.0, 0.0, 0.0, 0.0, 0.0, 0.0, 0.0, 0.0, 0.0, 0.0, 0.0]
PaiR Avg. 2.0 ## DeepNSGA-II Avg. 0.0 ## NSGA-II Avg. 0.0
PaiR STD. 4.323130658383886 ## DeepNSGA-II STD. 0.0 ## NSGA-II STD. 0.0
********************************************************* 
hour: 4
significance (U-test):PaiR / DeepNSGA-II 0.04527260233254136
significance (U-test):PaiR / NSGA-II 0.0031841280112012223
VDA: PaiR / DeepNSGA-II 0.575
VDA: PaiR / NSGA-II 0.6
PaiR Datapoints [0.0, 0.0, 0.0, 0.0, 0.0, 0.0, 0.0, 20.0, 0.0, 6.666666666666667, 0.0, 0.0, 0.0, 0.0, 0.0, 0.0, 0.0, 20.0, 0.0, 6.666666666666667, 0.0, 0.0, 0.0, 0.0, 0.0, 0.0, 0.0, 20.0, 0.0, 6.666666666666667, 0.0, 0.0, 0.0, 0.0, 0.0, 0.0, 0.0, 20.0, 0.0, 6.666666666666667]
DeepNSGA-II Datapoints [0.0, 0.0, 0.0, 0.0, 0.0, 0.0, 0.0, 8.0, 0.0, 0.0, 0.0, 0.0, 0.0, 0.0, 0.0, 0.0, 0.0, 8.0, 0.0, 0.0, 0.0, 0.0, 0.0, 0.0, 0.0, 0.0, 0.0, 0.0, 0.0, 0.0, 0.0, 0.0, 0.0, 0.0, 0.0, 0.0, 0.0, 0.0, 0.0, 0.0]
NSGA-II Datapoints [0.0, 0.0, 0.0, 0.0, 0.0, 0.0, 0.0, 0.0, 0.0, 0.0, 0.0, 0.0, 0.0, 0.0, 0.0, 0.0, 0.0, 0.0, 0.0, 0.0, 0.0, 0.0, 0.0, 0.0, 0.0, 0.0, 0.0, 0.0, 0.0, 0.0, 0.0, 0.0, 0.0, 0.0, 0.0, 0.0, 0.0, 0.0, 0.0, 0.0]
PaiR Avg. 2.666666666666667 ## DeepNSGA-II Avg. 0.4 ## NSGA-II Avg. 0.0
PaiR STD. 6.187939745230094 ## DeepNSGA-II STD. 1.765771422905218 ## NSGA-II STD. 0.0
********************************************************* 
hour: 5
significance (U-test):PaiR / DeepNSGA-II 0.008728644865232829
significance (U-test):PaiR / NSGA-II 0.00020604822135717707
VDA: PaiR / DeepNSGA-II 0.61625
VDA: PaiR / NSGA-II 0.65
PaiR Datapoints [0.0, 0.0, 0.0, 0.0, 0.0, 6.666666666666667, 0.0, 46.666666666666664, 0.0, 13.333333333333334, 0.0, 0.0, 0.0, 0.0, 0.0, 6.666666666666667, 0.0, 46.666666666666664, 0.0, 13.333333333333334, 0.0, 0.0, 0.0, 0.0, 0.0, 6.666666666666667, 0.0, 46.666666666666664, 0.0, 13.333333333333334, 0.0, 0.0, 0.0, 0.0, 0.0, 6.666666666666667, 0.0, 46.666666666666664, 0.0, 13.333333333333334]
DeepNSGA-II Datapoints [0.0, 0.0, 0.0, 0.0, 0.0, 0.0, 0.0, 8.0, 0.0, 0.0, 0.0, 0.0, 0.0, 0.0, 0.0, 8.0, 0.0, 8.0, 0.0, 0.0, 0.0, 0.0, 0.0, 0.0, 0.0, 0.0, 0.0, 0.0, 0.0, 0.0, 0.0, 0.0, 0.0, 0.0, 0.0, 0.0, 0.0, 0.0, 0.0, 0.0]
NSGA-II Datapoints [0.0, 0.0, 0.0, 0.0, 0.0, 0.0, 0.0, 0.0, 0.0, 0.0, 0.0, 0.0, 0.0, 0.0, 0.0, 0.0, 0.0, 0.0, 0.0, 0.0, 0.0, 0.0, 0.0, 0.0, 0.0, 0.0, 0.0, 0.0, 0.0, 0.0, 0.0, 0.0, 0.0, 0.0, 0.0, 0.0, 0.0, 0.0, 0.0, 0.0]
PaiR Avg. 6.666666666666666 ## DeepNSGA-II Avg. 0.6 ## NSGA-II Avg. 0.0
PaiR STD. 14.162266787834517 ## DeepNSGA-II STD. 2.133974262695348 ## NSGA-II STD. 0.0
********************************************************* 
hour: 6
significance (U-test):PaiR / DeepNSGA-II 0.052099621923504015
significance (U-test):PaiR / NSGA-II 0.4504631952000555
VDA: PaiR / DeepNSGA-II 0.5925
VDA: PaiR / NSGA-II 0.54
PaiR Datapoints [0.0, 0.0, 0.0, 0.0, 0.0, 20.0, 0.0, 86.66666666666667, 0.0, 33.33333333333333, 0.0, 0.0, 0.0, 0.0, 0.0, 20.0, 0.0, 86.66666666666667, 0.0, 33.33333333333333, 0.0, 0.0, 0.0, 0.0, 0.0, 20.0, 0.0, 86.66666666666667, 0.0, 33.33333333333333, 0.0, 0.0, 0.0, 0.0, 0.0, 20.0, 0.0, 86.66666666666667, 0.0, 33.33333333333333]
DeepNSGA-II Datapoints [0.0, 0.0, 0.0, 0.0, 0.0, 0.0, 0.0, 64.0, 0.0, 8.0, 0.0, 8.0, 0.0, 0.0, 0.0, 8.0, 0.0, 8.0, 0.0, 0.0, 0.0, 0.0, 0.0, 0.0, 0.0, 0.0, 0.0, 0.0, 0.0, 0.0, 0.0, 0.0, 0.0, 0.0, 0.0, 8.0, 0.0, 0.0, 0.0, 0.0]
NSGA-II Datapoints [0.0, 6.666666666666667, 0.0, 0.0, 0.0, 0.0, 0.0, 13.333333333333334, 0.0, 20.0, 0.0, 6.666666666666667, 0.0, 0.0, 0.0, 0.0, 0.0, 13.333333333333334, 0.0, 20.0, 0.0, 6.666666666666667, 0.0, 0.0, 0.0, 0.0, 0.0, 13.333333333333334, 0.0, 20.0, 0.0, 6.666666666666667, 0.0, 0.0, 0.0, 0.0, 0.0, 13.333333333333334, 0.0, 20.0]
PaiR Avg. 14.0 ## DeepNSGA-II Avg. 2.6 ## NSGA-II Avg. 4.0
PaiR STD. 26.91338857019837 ## DeepNSGA-II STD. 10.310064786287034 ## NSGA-II STD. 6.885303726590964
********************************************************* 
hour: 7
significance (U-test):PaiR / DeepNSGA-II 0.0012782028072119956
significance (U-test):PaiR / NSGA-II 0.12969377576038918
VDA: PaiR / DeepNSGA-II 0.6762499999999999
VDA: PaiR / NSGA-II 0.5900000000000001
PaiR Datapoints [0.0, 13.333333333333334, 0.0, 0.0, 6.666666666666667, 60.0, 0.0, 100.0, 0.0, 60.0, 0.0, 13.333333333333334, 0.0, 0.0, 6.666666666666667, 60.0, 0.0, 100.0, 0.0, 60.0, 0.0, 13.333333333333334, 0.0, 0.0, 6.666666666666667, 60.0, 0.0, 100.0, 0.0, 60.0, 0.0, 13.333333333333334, 0.0, 0.0, 6.666666666666667, 60.0, 0.0, 100.0, 0.0, 60.0]
DeepNSGA-II Datapoints [0.0, 0.0, 0.0, 0.0, 0.0, 0.0, 0.0, 64.0, 0.0, 8.0, 0.0, 8.0, 0.0, 0.0, 0.0, 8.0, 0.0, 8.0, 0.0, 0.0, 0.0, 0.0, 0.0, 0.0, 0.0, 0.0, 0.0, 0.0, 0.0, 0.0, 0.0, 0.0, 0.0, 0.0, 0.0, 8.0, 0.0, 60.0, 0.0, 0.0]
NSGA-II Datapoints [0.0, 13.333333333333334, 0.0, 0.0, 0.0, 6.666666666666667, 0.0, 26.666666666666668, 0.0, 40.0, 0.0, 13.333333333333334, 0.0, 0.0, 0.0, 6.666666666666667, 0.0, 26.666666666666668, 0.0, 40.0, 0.0, 13.333333333333334, 0.0, 0.0, 0.0, 6.666666666666667, 0.0, 26.666666666666668, 0.0, 40.0, 0.0, 13.333333333333334, 0.0, 0.0, 0.0, 6.666666666666667, 0.0, 26.666666666666668, 0.0, 40.0]
PaiR Avg. 24.0 ## DeepNSGA-II Avg. 4.1 ## NSGA-II Avg. 8.666666666666668
PaiR STD. 34.58504526707109 ## DeepNSGA-II STD. 13.722151285328255 ## NSGA-II STD. 13.520060014364685
********************************************************* 
hour: 8
significance (U-test):PaiR / DeepNSGA-II 0.0039019893723996092
significance (U-test):PaiR / NSGA-II 0.15210730667417807
VDA: PaiR / DeepNSGA-II 0.6612500000000001
VDA: PaiR / NSGA-II 0.585
PaiR Datapoints [0.0, 26.666666666666668, 0.0, 0.0, 6.666666666666667, 100.0, 0.0, 100.0, 0.0, 100.0, 0.0, 26.666666666666668, 0.0, 0.0, 6.666666666666667, 100.0, 0.0, 100.0, 0.0, 100.0, 0.0, 26.666666666666668, 0.0, 0.0, 6.666666666666667, 100.0, 0.0, 100.0, 0.0, 100.0, 0.0, 26.666666666666668, 0.0, 0.0, 6.666666666666667, 100.0, 0.0, 100.0, 0.0, 100.0]
DeepNSGA-II Datapoints [0.0, 0.0, 0.0, 0.0, 0.0, 8.0, 0.0, 68.0, 0.0, 8.0, 0.0, 68.0, 0.0, 0.0, 60.0, 8.0, 0.0, 8.0, 0.0, 0.0, 0.0, 0.0, 0.0, 0.0, 0.0, 0.0, 0.0, 0.0, 0.0, 0.0, 0.0, 0.0, 0.0, 0.0, 0.0, 8.0, 0.0, 60.0, 0.0, 0.0]
NSGA-II Datapoints [0.0, 33.33333333333333, 0.0, 0.0, 0.0, 6.666666666666667, 0.0, 46.666666666666664, 0.0, 93.33333333333333, 0.0, 33.33333333333333, 0.0, 0.0, 0.0, 6.666666666666667, 0.0, 46.666666666666664, 0.0, 93.33333333333333, 0.0, 33.33333333333333, 0.0, 0.0, 0.0, 6.666666666666667, 0.0, 46.666666666666664, 0.0, 93.33333333333333, 0.0, 33.33333333333333, 0.0, 0.0, 0.0, 6.666666666666667, 0.0, 46.666666666666664, 0.0, 93.33333333333333]
PaiR Avg. 33.333333333333336 ## DeepNSGA-II Avg. 7.4 ## NSGA-II Avg. 18.0
PaiR STD. 44.886688614942564 ## DeepNSGA-II STD. 19.333510167184215 ## NSGA-II STD. 30.050290231875348
********************************************************* 
hour: 9
significance (U-test):PaiR / DeepNSGA-II 0.011628872841469098
significance (U-test):PaiR / NSGA-II 0.3975450555127258
VDA: PaiR / DeepNSGA-II 0.64375
VDA: PaiR / NSGA-II 0.55
PaiR Datapoints [0.0, 53.333333333333336, 0.0, 0.0, 6.666666666666667, 100.0, 0.0, 100.0, 0.0, 100.0, 0.0, 53.333333333333336, 0.0, 0.0, 6.666666666666667, 100.0, 0.0, 100.0, 0.0, 100.0, 0.0, 53.333333333333336, 0.0, 0.0, 6.666666666666667, 100.0, 0.0, 100.0, 0.0, 100.0, 0.0, 53.333333333333336, 0.0, 0.0, 6.666666666666667, 100.0, 0.0, 100.0, 0.0, 100.0]
DeepNSGA-II Datapoints [0.0, 8.0, 0.0, 0.0, 0.0, 8.0, 0.0, 68.0, 0.0, 8.0, 0.0, 68.0, 0.0, 0.0, 60.0, 8.0, 0.0, 8.0, 0.0, 0.0, 0.0, 0.0, 0.0, 0.0, 0.0, 0.0, 0.0, 8.0, 0.0, 0.0, 0.0, 0.0, 0.0, 0.0, 0.0, 8.0, 0.0, 60.0, 0.0, 0.0]
NSGA-II Datapoints [0.0, 66.66666666666666, 0.0, 0.0, 0.0, 13.333333333333334, 0.0, 100.0, 0.0, 100.0, 0.0, 66.66666666666666, 0.0, 0.0, 0.0, 13.333333333333334, 0.0, 100.0, 0.0, 100.0, 0.0, 66.66666666666666, 0.0, 0.0, 0.0, 13.333333333333334, 0.0, 100.0, 0.0, 100.0, 0.0, 66.66666666666666, 0.0, 0.0, 0.0, 13.333333333333334, 0.0, 100.0, 0.0, 100.0]
PaiR Avg. 36.0 ## DeepNSGA-II Avg. 7.8 ## NSGA-II Avg. 28.0
PaiR STD. 45.21049218918772 ## DeepNSGA-II STD. 19.256966771295247 ## NSGA-II STD. 41.48799297692721
********************************************************* 
hour: 10
significance (U-test):PaiR / DeepNSGA-II 0.007006672170420389
significance (U-test):PaiR / NSGA-II 0.30905146612045
VDA: PaiR / DeepNSGA-II 0.65625
VDA: PaiR / NSGA-II 0.5599999999999999
PaiR Datapoints [0.0, 93.33333333333333, 0.0, 0.0, 26.666666666666668, 100.0, 0.0, 100.0, 0.0, 100.0, 0.0, 93.33333333333333, 0.0, 0.0, 26.666666666666668, 100.0, 0.0, 100.0, 0.0, 100.0, 0.0, 93.33333333333333, 0.0, 0.0, 26.666666666666668, 100.0, 0.0, 100.0, 0.0, 100.0, 0.0, 93.33333333333333, 0.0, 0.0, 26.666666666666668, 100.0, 0.0, 100.0, 0.0, 100.0]
DeepNSGA-II Datapoints [0.0, 8.0, 0.0, 0.0, 0.0, 8.0, 0.0, 76.0, 0.0, 8.0, 0.0, 72.0, 0.0, 0.0, 68.0, 64.0, 0.0, 8.0, 0.0, 0.0, 0.0, 0.0, 0.0, 0.0, 0.0, 0.0, 0.0, 8.0, 0.0, 8.0, 0.0, 0.0, 0.0, 0.0, 8.0, 8.0, 0.0, 64.0, 0.0, 0.0]
NSGA-II Datapoints [0.0, 93.33333333333333, 0.0, 0.0, 0.0, 26.666666666666668, 0.0, 100.0, 0.0, 100.0, 0.0, 93.33333333333333, 0.0, 0.0, 0.0, 26.666666666666668, 0.0, 100.0, 0.0, 100.0, 0.0, 93.33333333333333, 0.0, 0.0, 0.0, 26.666666666666668, 0.0, 100.0, 0.0, 100.0, 0.0, 93.33333333333333, 0.0, 0.0, 0.0, 26.666666666666668, 0.0, 100.0, 0.0, 100.0]
PaiR Avg. 42.0 ## DeepNSGA-II Avg. 10.2 ## NSGA-II Avg. 32.0
PaiR STD. 47.26599278629482 ## DeepNSGA-II STD. 22.716987882673582 ## NSGA-II STD. 44.3554664884432
********************************************************* 
hour: 11
significance (U-test):PaiR / DeepNSGA-II 0.004526996074997845
significance (U-test):PaiR / NSGA-II 0.1300401532943357
VDA: PaiR / DeepNSGA-II 0.6699999999999999
VDA: PaiR / NSGA-II 0.5900000000000001
PaiR Datapoints [0.0, 100.0, 0.0, 6.666666666666667, 40.0, 100.0, 0.0, 100.0, 0.0, 100.0, 0.0, 100.0, 0.0, 6.666666666666667, 40.0, 100.0, 0.0, 100.0, 0.0, 100.0, 0.0, 100.0, 0.0, 6.666666666666667, 40.0, 100.0, 0.0, 100.0, 0.0, 100.0, 0.0, 100.0, 0.0, 6.666666666666667, 40.0, 100.0, 0.0, 100.0, 0.0, 100.0]
DeepNSGA-II Datapoints [0.0, 64.0, 0.0, 0.0, 0.0, 68.0, 0.0, 76.0, 0.0, 8.0, 0.0, 72.0, 0.0, 0.0, 68.0, 64.0, 0.0, 8.0, 0.0, 0.0, 0.0, 64.0, 0.0, 0.0, 0.0, 0.0, 0.0, 68.0, 0.0, 8.0, 0.0, 0.0, 0.0, 0.0, 8.0, 60.0, 0.0, 64.0, 0.0, 0.0]
NSGA-II Datapoints [0.0, 100.0, 0.0, 0.0, 0.0, 33.33333333333333, 0.0, 100.0, 0.0, 100.0, 0.0, 100.0, 0.0, 0.0, 0.0, 33.33333333333333, 0.0, 100.0, 0.0, 100.0, 0.0, 100.0, 0.0, 0.0, 0.0, 33.33333333333333, 0.0, 100.0, 0.0, 100.0, 0.0, 100.0, 0.0, 0.0, 0.0, 33.33333333333333, 0.0, 100.0, 0.0, 100.0]
PaiR Avg. 44.66666666666667 ## DeepNSGA-II Avg. 17.5 ## NSGA-II Avg. 33.33333333333333
PaiR STD. 47.16945266756086 ## DeepNSGA-II STD. 29.010166210998232 ## NSGA-II STD. 45.29108136578383
********************************************************* 
hour: 12
significance (U-test):PaiR / DeepNSGA-II 0.0017383895676585178
significance (U-test):PaiR / NSGA-II 0.1300401532943357
VDA: PaiR / DeepNSGA-II 0.6875
VDA: PaiR / NSGA-II 0.5900000000000001
PaiR Datapoints [0.0, 100.0, 0.0, 33.33333333333333, 66.66666666666666, 100.0, 0.0, 100.0, 0.0, 100.0, 0.0, 100.0, 0.0, 33.33333333333333, 66.66666666666666, 100.0, 0.0, 100.0, 0.0, 100.0, 0.0, 100.0, 0.0, 33.33333333333333, 66.66666666666666, 100.0, 0.0, 100.0, 0.0, 100.0, 0.0, 100.0, 0.0, 33.33333333333333, 66.66666666666666, 100.0, 0.0, 100.0, 0.0, 100.0]
DeepNSGA-II Datapoints [0.0, 68.0, 0.0, 0.0, 0.0, 68.0, 0.0, 88.0, 0.0, 8.0, 0.0, 72.0, 0.0, 0.0, 68.0, 64.0, 0.0, 8.0, 0.0, 0.0, 0.0, 64.0, 0.0, 0.0, 0.0, 0.0, 0.0, 68.0, 0.0, 8.0, 0.0, 0.0, 0.0, 0.0, 8.0, 60.0, 0.0, 72.0, 0.0, 0.0]
NSGA-II Datapoints [0.0, 100.0, 0.0, 0.0, 0.0, 53.333333333333336, 0.0, 100.0, 0.0, 100.0, 0.0, 100.0, 0.0, 0.0, 0.0, 53.333333333333336, 0.0, 100.0, 0.0, 100.0, 0.0, 100.0, 0.0, 0.0, 0.0, 53.333333333333336, 0.0, 100.0, 0.0, 100.0, 0.0, 100.0, 0.0, 0.0, 0.0, 53.333333333333336, 0.0, 100.0, 0.0, 100.0]
PaiR Avg. 50.0 ## DeepNSGA-II Avg. 18.1 ## NSGA-II Avg. 35.33333333333333
PaiR STD. 45.915815448079634 ## DeepNSGA-II STD. 30.19237465287365 ## NSGA-II STD. 45.69688313446693
********************************************************* 
hour: 13
significance (U-test):PaiR / DeepNSGA-II 0.00030862300105138045
significance (U-test):PaiR / NSGA-II 0.04989525491676465
VDA: PaiR / DeepNSGA-II 0.7175
VDA: PaiR / NSGA-II 0.615
PaiR Datapoints [0.0, 100.0, 0.0, 80.0, 100.0, 100.0, 0.0, 100.0, 0.0, 100.0, 0.0, 100.0, 0.0, 80.0, 100.0, 100.0, 0.0, 100.0, 0.0, 100.0, 0.0, 100.0, 0.0, 80.0, 100.0, 100.0, 0.0, 100.0, 0.0, 100.0, 0.0, 100.0, 0.0, 80.0, 100.0, 100.0, 0.0, 100.0, 0.0, 100.0]
DeepNSGA-II Datapoints [0.0, 68.0, 0.0, 0.0, 0.0, 72.0, 0.0, 88.0, 0.0, 64.0, 0.0, 72.0, 0.0, 0.0, 68.0, 64.0, 0.0, 8.0, 0.0, 0.0, 0.0, 64.0, 0.0, 0.0, 0.0, 8.0, 0.0, 72.0, 0.0, 8.0, 0.0, 8.0, 0.0, 0.0, 8.0, 60.0, 0.0, 72.0, 0.0, 0.0]
NSGA-II Datapoints [0.0, 100.0, 0.0, 0.0, 0.0, 73.33333333333333, 0.0, 100.0, 0.0, 100.0, 0.0, 100.0, 0.0, 0.0, 0.0, 73.33333333333333, 0.0, 100.0, 0.0, 100.0, 0.0, 100.0, 0.0, 0.0, 0.0, 73.33333333333333, 0.0, 100.0, 0.0, 100.0, 0.0, 100.0, 0.0, 0.0, 0.0, 73.33333333333333, 0.0, 100.0, 0.0, 100.0]
PaiR Avg. 58.0 ## DeepNSGA-II Avg. 20.1 ## NSGA-II Avg. 37.33333333333333
PaiR STD. 48.31520438080516 ## DeepNSGA-II STD. 31.12242163144006 ## NSGA-II STD. 46.8932229535821
********************************************************* 
hour: 14
significance (U-test):PaiR / DeepNSGA-II 0.0005207562588319137
significance (U-test):PaiR / NSGA-II 0.07638065399186719
VDA: PaiR / DeepNSGA-II 0.71
VDA: PaiR / NSGA-II 0.6
PaiR Datapoints [0.0, 100.0, 0.0, 100.0, 100.0, 100.0, 0.0, 100.0, 0.0, 100.0, 0.0, 100.0, 0.0, 100.0, 100.0, 100.0, 0.0, 100.0, 0.0, 100.0, 0.0, 100.0, 0.0, 100.0, 100.0, 100.0, 0.0, 100.0, 0.0, 100.0, 0.0, 100.0, 0.0, 100.0, 100.0, 100.0, 0.0, 100.0, 0.0, 100.0]
DeepNSGA-II Datapoints [0.0, 80.0, 0.0, 0.0, 0.0, 80.0, 0.0, 88.0, 0.0, 64.0, 0.0, 76.0, 0.0, 0.0, 68.0, 64.0, 0.0, 60.0, 0.0, 8.0, 0.0, 68.0, 0.0, 0.0, 64.0, 8.0, 0.0, 72.0, 0.0, 8.0, 0.0, 8.0, 0.0, 0.0, 64.0, 60.0, 0.0, 72.0, 0.0, 0.0]
NSGA-II Datapoints [0.0, 100.0, 0.0, 0.0, 0.0, 100.0, 0.0, 100.0, 0.0, 100.0, 0.0, 100.0, 0.0, 0.0, 0.0, 100.0, 0.0, 100.0, 0.0, 100.0, 0.0, 100.0, 0.0, 0.0, 0.0, 100.0, 0.0, 100.0, 0.0, 100.0, 0.0, 100.0, 0.0, 0.0, 0.0, 100.0, 0.0, 100.0, 0.0, 100.0]
PaiR Avg. 60.0 ## DeepNSGA-II Avg. 25.3 ## NSGA-II Avg. 40.0
PaiR STD. 49.613893835683385 ## DeepNSGA-II STD. 33.65450402287399 ## NSGA-II STD. 49.613893835683385
********************************************************* 
hour: 15
significance (U-test):PaiR / DeepNSGA-II 0.0007480669556745403
significance (U-test):PaiR / NSGA-II 0.07638065399186719
VDA: PaiR / DeepNSGA-II 0.7050000000000001
VDA: PaiR / NSGA-II 0.6
PaiR Datapoints [0.0, 100.0, 0.0, 100.0, 100.0, 100.0, 0.0, 100.0, 0.0, 100.0, 0.0, 100.0, 0.0, 100.0, 100.0, 100.0, 0.0, 100.0, 0.0, 100.0, 0.0, 100.0, 0.0, 100.0, 100.0, 100.0, 0.0, 100.0, 0.0, 100.0, 0.0, 100.0, 0.0, 100.0, 100.0, 100.0, 0.0, 100.0, 0.0, 100.0]
DeepNSGA-II Datapoints [0.0, 80.0, 0.0, 0.0, 0.0, 80.0, 0.0, 88.0, 0.0, 68.0, 0.0, 76.0, 0.0, 0.0, 68.0, 68.0, 0.0, 60.0, 0.0, 8.0, 0.0, 68.0, 0.0, 0.0, 64.0, 8.0, 0.0, 72.0, 0.0, 8.0, 8.0, 8.0, 0.0, 0.0, 64.0, 60.0, 0.0, 72.0, 0.0, 0.0]
NSGA-II Datapoints [0.0, 100.0, 0.0, 0.0, 0.0, 100.0, 0.0, 100.0, 0.0, 100.0, 0.0, 100.0, 0.0, 0.0, 0.0, 100.0, 0.0, 100.0, 0.0, 100.0, 0.0, 100.0, 0.0, 0.0, 0.0, 100.0, 0.0, 100.0, 0.0, 100.0, 0.0, 100.0, 0.0, 0.0, 0.0, 100.0, 0.0, 100.0, 0.0, 100.0]
PaiR Avg. 60.0 ## DeepNSGA-II Avg. 25.7 ## NSGA-II Avg. 40.0
PaiR STD. 49.613893835683385 ## DeepNSGA-II STD. 33.7701127155435 ## NSGA-II STD. 49.613893835683385
********************************************************* 
hour: 16
significance (U-test):PaiR / DeepNSGA-II 0.0007482511844779551
significance (U-test):PaiR / NSGA-II 0.07638065399186719
VDA: PaiR / DeepNSGA-II 0.7050000000000001
VDA: PaiR / NSGA-II 0.6
PaiR Datapoints [0.0, 100.0, 0.0, 100.0, 100.0, 100.0, 0.0, 100.0, 0.0, 100.0, 0.0, 100.0, 0.0, 100.0, 100.0, 100.0, 0.0, 100.0, 0.0, 100.0, 0.0, 100.0, 0.0, 100.0, 100.0, 100.0, 0.0, 100.0, 0.0, 100.0, 0.0, 100.0, 0.0, 100.0, 100.0, 100.0, 0.0, 100.0, 0.0, 100.0]
DeepNSGA-II Datapoints [0.0, 80.0, 0.0, 0.0, 0.0, 80.0, 0.0, 88.0, 0.0, 68.0, 0.0, 76.0, 0.0, 0.0, 68.0, 68.0, 0.0, 60.0, 0.0, 8.0, 0.0, 76.0, 0.0, 0.0, 64.0, 8.0, 0.0, 76.0, 0.0, 8.0, 8.0, 8.0, 0.0, 0.0, 64.0, 60.0, 0.0, 72.0, 0.0, 0.0]
NSGA-II Datapoints [0.0, 100.0, 0.0, 0.0, 0.0, 100.0, 0.0, 100.0, 0.0, 100.0, 0.0, 100.0, 0.0, 0.0, 0.0, 100.0, 0.0, 100.0, 0.0, 100.0, 0.0, 100.0, 0.0, 0.0, 0.0, 100.0, 0.0, 100.0, 0.0, 100.0, 0.0, 100.0, 0.0, 0.0, 0.0, 100.0, 0.0, 100.0, 0.0, 100.0]
PaiR Avg. 60.0 ## DeepNSGA-II Avg. 26.0 ## NSGA-II Avg. 40.0
PaiR STD. 49.613893835683385 ## DeepNSGA-II STD. 34.19401657060441 ## NSGA-II STD. 49.613893835683385
********************************************************* 
hour: 17
significance (U-test):PaiR / DeepNSGA-II 0.000748496871121234
significance (U-test):PaiR / NSGA-II 0.07638065399186719
VDA: PaiR / DeepNSGA-II 0.7050000000000001
VDA: PaiR / NSGA-II 0.6
PaiR Datapoints [0.0, 100.0, 0.0, 100.0, 100.0, 100.0, 0.0, 100.0, 0.0, 100.0, 0.0, 100.0, 0.0, 100.0, 100.0, 100.0, 0.0, 100.0, 0.0, 100.0, 0.0, 100.0, 0.0, 100.0, 100.0, 100.0, 0.0, 100.0, 0.0, 100.0, 0.0, 100.0, 0.0, 100.0, 100.0, 100.0, 0.0, 100.0, 0.0, 100.0]
DeepNSGA-II Datapoints [0.0, 84.0, 0.0, 0.0, 0.0, 88.0, 0.0, 88.0, 0.0, 68.0, 0.0, 80.0, 0.0, 0.0, 68.0, 68.0, 0.0, 60.0, 0.0, 68.0, 0.0, 76.0, 0.0, 0.0, 64.0, 8.0, 0.0, 76.0, 0.0, 8.0, 8.0, 8.0, 0.0, 0.0, 64.0, 60.0, 0.0, 76.0, 0.0, 0.0]
NSGA-II Datapoints [0.0, 100.0, 0.0, 0.0, 0.0, 100.0, 0.0, 100.0, 0.0, 100.0, 0.0, 100.0, 0.0, 0.0, 0.0, 100.0, 0.0, 100.0, 0.0, 100.0, 0.0, 100.0, 0.0, 0.0, 0.0, 100.0, 0.0, 100.0, 0.0, 100.0, 0.0, 100.0, 0.0, 0.0, 0.0, 100.0, 0.0, 100.0, 0.0, 100.0]
PaiR Avg. 60.0 ## DeepNSGA-II Avg. 28.0 ## NSGA-II Avg. 40.0
PaiR STD. 49.613893835683385 ## DeepNSGA-II STD. 35.46612685149245 ## NSGA-II STD. 49.613893835683385
********************************************************* 
hour: 18
significance (U-test):PaiR / DeepNSGA-II 0.0007488655044657971
significance (U-test):PaiR / NSGA-II 0.07638065399186719
VDA: PaiR / DeepNSGA-II 0.7050000000000001
VDA: PaiR / NSGA-II 0.6
PaiR Datapoints [0.0, 100.0, 0.0, 100.0, 100.0, 100.0, 0.0, 100.0, 0.0, 100.0, 0.0, 100.0, 0.0, 100.0, 100.0, 100.0, 0.0, 100.0, 0.0, 100.0, 0.0, 100.0, 0.0, 100.0, 100.0, 100.0, 0.0, 100.0, 0.0, 100.0, 0.0, 100.0, 0.0, 100.0, 100.0, 100.0, 0.0, 100.0, 0.0, 100.0]
DeepNSGA-II Datapoints [0.0, 84.0, 0.0, 0.0, 0.0, 88.0, 0.0, 88.0, 0.0, 68.0, 0.0, 80.0, 0.0, 0.0, 68.0, 68.0, 0.0, 60.0, 0.0, 68.0, 0.0, 76.0, 0.0, 0.0, 64.0, 8.0, 0.0, 76.0, 0.0, 60.0, 8.0, 8.0, 0.0, 0.0, 64.0, 72.0, 0.0, 76.0, 0.0, 0.0]
NSGA-II Datapoints [0.0, 100.0, 0.0, 0.0, 0.0, 100.0, 0.0, 100.0, 0.0, 100.0, 0.0, 100.0, 0.0, 0.0, 0.0, 100.0, 0.0, 100.0, 0.0, 100.0, 0.0, 100.0, 0.0, 0.0, 0.0, 100.0, 0.0, 100.0, 0.0, 100.0, 0.0, 100.0, 0.0, 0.0, 0.0, 100.0, 0.0, 100.0, 0.0, 100.0]
PaiR Avg. 60.0 ## DeepNSGA-II Avg. 29.6 ## NSGA-II Avg. 40.0
PaiR STD. 49.613893835683385 ## DeepNSGA-II STD. 35.98062156501925 ## NSGA-II STD. 49.613893835683385
********************************************************* 
hour: 19
significance (U-test):PaiR / DeepNSGA-II 0.0007491113289564724
significance (U-test):PaiR / NSGA-II 0.07638065399186719
VDA: PaiR / DeepNSGA-II 0.7050000000000001
VDA: PaiR / NSGA-II 0.6
PaiR Datapoints [0.0, 100.0, 0.0, 100.0, 100.0, 100.0, 0.0, 100.0, 0.0, 100.0, 0.0, 100.0, 0.0, 100.0, 100.0, 100.0, 0.0, 100.0, 0.0, 100.0, 0.0, 100.0, 0.0, 100.0, 100.0, 100.0, 0.0, 100.0, 0.0, 100.0, 0.0, 100.0, 0.0, 100.0, 100.0, 100.0, 0.0, 100.0, 0.0, 100.0]
DeepNSGA-II Datapoints [0.0, 84.0, 0.0, 0.0, 0.0, 88.0, 0.0, 88.0, 0.0, 68.0, 0.0, 84.0, 0.0, 0.0, 72.0, 68.0, 0.0, 60.0, 0.0, 68.0, 0.0, 80.0, 0.0, 0.0, 64.0, 8.0, 0.0, 80.0, 0.0, 60.0, 8.0, 8.0, 0.0, 0.0, 64.0, 72.0, 0.0, 80.0, 0.0, 0.0]
NSGA-II Datapoints [0.0, 100.0, 0.0, 0.0, 0.0, 100.0, 0.0, 100.0, 0.0, 100.0, 0.0, 100.0, 0.0, 0.0, 0.0, 100.0, 0.0, 100.0, 0.0, 100.0, 0.0, 100.0, 0.0, 0.0, 0.0, 100.0, 0.0, 100.0, 0.0, 100.0, 0.0, 100.0, 0.0, 0.0, 0.0, 100.0, 0.0, 100.0, 0.0, 100.0]
PaiR Avg. 60.0 ## DeepNSGA-II Avg. 30.1 ## NSGA-II Avg. 40.0
PaiR STD. 49.613893835683385 ## DeepNSGA-II STD. 36.649273263862014 ## NSGA-II STD. 49.613893835683385
********************************************************* 
hour: 20
significance (U-test):PaiR / DeepNSGA-II 0.0007488655044657971
significance (U-test):PaiR / NSGA-II 0.07638065399186719
VDA: PaiR / DeepNSGA-II 0.7050000000000001
VDA: PaiR / NSGA-II 0.6
PaiR Datapoints [0.0, 100.0, 0.0, 100.0, 100.0, 100.0, 0.0, 100.0, 0.0, 100.0, 0.0, 100.0, 0.0, 100.0, 100.0, 100.0, 0.0, 100.0, 0.0, 100.0, 0.0, 100.0, 0.0, 100.0, 100.0, 100.0, 0.0, 100.0, 0.0, 100.0, 0.0, 100.0, 0.0, 100.0, 100.0, 100.0, 0.0, 100.0, 0.0, 100.0]
DeepNSGA-II Datapoints [0.0, 84.0, 0.0, 0.0, 0.0, 92.0, 0.0, 88.0, 0.0, 68.0, 0.0, 84.0, 0.0, 0.0, 72.0, 68.0, 0.0, 64.0, 0.0, 68.0, 0.0, 80.0, 0.0, 0.0, 64.0, 64.0, 0.0, 80.0, 0.0, 60.0, 8.0, 8.0, 0.0, 0.0, 64.0, 72.0, 0.0, 80.0, 0.0, 0.0]
NSGA-II Datapoints [0.0, 100.0, 0.0, 0.0, 0.0, 100.0, 0.0, 100.0, 0.0, 100.0, 0.0, 100.0, 0.0, 0.0, 0.0, 100.0, 0.0, 100.0, 0.0, 100.0, 0.0, 100.0, 0.0, 0.0, 0.0, 100.0, 0.0, 100.0, 0.0, 100.0, 0.0, 100.0, 0.0, 0.0, 0.0, 100.0, 0.0, 100.0, 0.0, 100.0]
PaiR Avg. 60.0 ## DeepNSGA-II Avg. 31.7 ## NSGA-II Avg. 40.0
PaiR STD. 49.613893835683385 ## DeepNSGA-II STD. 37.09875939594138 ## NSGA-II STD. 49.613893835683385
********************************************************* 
hour: 21
significance (U-test):PaiR / DeepNSGA-II 0.0007490498676638518
significance (U-test):PaiR / NSGA-II 0.07638065399186719
VDA: PaiR / DeepNSGA-II 0.7050000000000001
VDA: PaiR / NSGA-II 0.6
PaiR Datapoints [0.0, 100.0, 0.0, 100.0, 100.0, 100.0, 0.0, 100.0, 0.0, 100.0, 0.0, 100.0, 0.0, 100.0, 100.0, 100.0, 0.0, 100.0, 0.0, 100.0, 0.0, 100.0, 0.0, 100.0, 100.0, 100.0, 0.0, 100.0, 0.0, 100.0, 0.0, 100.0, 0.0, 100.0, 100.0, 100.0, 0.0, 100.0, 0.0, 100.0]
DeepNSGA-II Datapoints [0.0, 84.0, 0.0, 0.0, 0.0, 92.0, 0.0, 88.0, 0.0, 68.0, 0.0, 88.0, 0.0, 0.0, 72.0, 68.0, 0.0, 64.0, 0.0, 72.0, 0.0, 80.0, 0.0, 0.0, 64.0, 64.0, 0.0, 80.0, 0.0, 60.0, 8.0, 8.0, 0.0, 0.0, 68.0, 72.0, 0.0, 80.0, 0.0, 0.0]
NSGA-II Datapoints [0.0, 100.0, 0.0, 0.0, 0.0, 100.0, 0.0, 100.0, 0.0, 100.0, 0.0, 100.0, 0.0, 0.0, 0.0, 100.0, 0.0, 100.0, 0.0, 100.0, 0.0, 100.0, 0.0, 0.0, 0.0, 100.0, 0.0, 100.0, 0.0, 100.0, 0.0, 100.0, 0.0, 0.0, 0.0, 100.0, 0.0, 100.0, 0.0, 100.0]
PaiR Avg. 60.0 ## DeepNSGA-II Avg. 32.0 ## NSGA-II Avg. 40.0
PaiR STD. 49.613893835683385 ## DeepNSGA-II STD. 37.446714278510605 ## NSGA-II STD. 49.613893835683385
********************************************************* 
hour: 22
significance (U-test):PaiR / DeepNSGA-II 0.000748496871121234
significance (U-test):PaiR / NSGA-II 0.07638065399186719
VDA: PaiR / DeepNSGA-II 0.7050000000000001
VDA: PaiR / NSGA-II 0.6
PaiR Datapoints [0.0, 100.0, 0.0, 100.0, 100.0, 100.0, 0.0, 100.0, 0.0, 100.0, 0.0, 100.0, 0.0, 100.0, 100.0, 100.0, 0.0, 100.0, 0.0, 100.0, 0.0, 100.0, 0.0, 100.0, 100.0, 100.0, 0.0, 100.0, 0.0, 100.0, 0.0, 100.0, 0.0, 100.0, 100.0, 100.0, 0.0, 100.0, 0.0, 100.0]
DeepNSGA-II Datapoints [0.0, 88.0, 0.0, 0.0, 0.0, 92.0, 0.0, 88.0, 0.0, 68.0, 0.0, 88.0, 0.0, 0.0, 76.0, 68.0, 0.0, 64.0, 0.0, 72.0, 0.0, 80.0, 0.0, 0.0, 68.0, 68.0, 0.0, 84.0, 0.0, 60.0, 8.0, 8.0, 0.0, 0.0, 68.0, 76.0, 0.0, 84.0, 0.0, 0.0]
NSGA-II Datapoints [0.0, 100.0, 0.0, 0.0, 0.0, 100.0, 0.0, 100.0, 0.0, 100.0, 0.0, 100.0, 0.0, 0.0, 0.0, 100.0, 0.0, 100.0, 0.0, 100.0, 0.0, 100.0, 0.0, 0.0, 0.0, 100.0, 0.0, 100.0, 0.0, 100.0, 0.0, 100.0, 0.0, 0.0, 0.0, 100.0, 0.0, 100.0, 0.0, 100.0]
PaiR Avg. 60.0 ## DeepNSGA-II Avg. 32.7 ## NSGA-II Avg. 40.0
PaiR STD. 49.613893835683385 ## DeepNSGA-II STD. 38.26908774615717 ## NSGA-II STD. 49.613893835683385
********************************************************* 
hour: 23
significance (U-test):PaiR / DeepNSGA-II 0.002032764957290152
significance (U-test):PaiR / NSGA-II 0.07638065399186719
VDA: PaiR / DeepNSGA-II 0.6900000000000001
VDA: PaiR / NSGA-II 0.6
PaiR Datapoints [0.0, 100.0, 0.0, 100.0, 100.0, 100.0, 0.0, 100.0, 0.0, 100.0, 0.0, 100.0, 0.0, 100.0, 100.0, 100.0, 0.0, 100.0, 0.0, 100.0, 0.0, 100.0, 0.0, 100.0, 100.0, 100.0, 0.0, 100.0, 0.0, 100.0, 0.0, 100.0, 0.0, 100.0, 100.0, 100.0, 0.0, 100.0, 0.0, 100.0]
DeepNSGA-II Datapoints [0.0, 88.0, 0.0, 0.0, 0.0, 92.0, 0.0, 88.0, 0.0, 68.0, 8.0, 88.0, 0.0, 0.0, 76.0, 68.0, 0.0, 72.0, 0.0, 72.0, 8.0, 80.0, 0.0, 0.0, 68.0, 68.0, 0.0, 84.0, 0.0, 60.0, 60.0, 60.0, 0.0, 0.0, 68.0, 76.0, 0.0, 84.0, 0.0, 8.0]
NSGA-II Datapoints [0.0, 100.0, 0.0, 0.0, 0.0, 100.0, 0.0, 100.0, 0.0, 100.0, 0.0, 100.0, 0.0, 0.0, 0.0, 100.0, 0.0, 100.0, 0.0, 100.0, 0.0, 100.0, 0.0, 0.0, 0.0, 100.0, 0.0, 100.0, 0.0, 100.0, 0.0, 100.0, 0.0, 0.0, 0.0, 100.0, 0.0, 100.0, 0.0, 100.0]
PaiR Avg. 60.0 ## DeepNSGA-II Avg. 36.1 ## NSGA-II Avg. 40.0
PaiR STD. 49.613893835683385 ## DeepNSGA-II STD. 37.93097644879412 ## NSGA-II STD. 49.613893835683385
********************************************************* 
hour: 24
significance (U-test):PaiR / DeepNSGA-II 0.0006586169839427011
significance (U-test):PaiR / NSGA-II 0.02412128239853995
VDA: PaiR / DeepNSGA-II 0.7125
VDA: PaiR / NSGA-II 0.6300000000000001
PaiR Datapoints [6.666666666666667, 100.0, 0.0, 100.0, 100.0, 100.0, 0.0, 100.0, 0.0, 100.0, 6.666666666666667, 100.0, 0.0, 100.0, 100.0, 100.0, 0.0, 100.0, 0.0, 100.0, 6.666666666666667, 100.0, 0.0, 100.0, 100.0, 100.0, 0.0, 100.0, 0.0, 100.0, 6.666666666666667, 100.0, 0.0, 100.0, 100.0, 100.0, 0.0, 100.0, 0.0, 100.0]
DeepNSGA-II Datapoints [0.0, 88.0, 0.0, 0.0, 0.0, 92.0, 0.0, 88.0, 0.0, 72.0, 8.0, 88.0, 0.0, 0.0, 76.0, 72.0, 0.0, 72.0, 0.0, 72.0, 8.0, 80.0, 0.0, 0.0, 68.0, 68.0, 0.0, 84.0, 0.0, 68.0, 60.0, 60.0, 0.0, 0.0, 68.0, 76.0, 0.0, 88.0, 0.0, 8.0]
NSGA-II Datapoints [0.0, 100.0, 0.0, 0.0, 0.0, 100.0, 0.0, 100.0, 0.0, 100.0, 0.0, 100.0, 0.0, 0.0, 0.0, 100.0, 0.0, 100.0, 0.0, 100.0, 0.0, 100.0, 0.0, 0.0, 0.0, 100.0, 0.0, 100.0, 0.0, 100.0, 0.0, 100.0, 0.0, 0.0, 0.0, 100.0, 0.0, 100.0, 0.0, 100.0]
PaiR Avg. 60.66666666666667 ## DeepNSGA-II Avg. 36.6 ## NSGA-II Avg. 40.0
PaiR STD. 48.8220210928403 ## DeepNSGA-II STD. 38.39390977345636 ## NSGA-II STD. 49.613893835683385
********************************************************* 
hour: 25
significance (U-test):PaiR / DeepNSGA-II 0.000977585117866216
significance (U-test):PaiR / NSGA-II 0.02412128239853995
VDA: PaiR / DeepNSGA-II 0.70625
VDA: PaiR / NSGA-II 0.6300000000000001
PaiR Datapoints [6.666666666666667, 100.0, 0.0, 100.0, 100.0, 100.0, 0.0, 100.0, 0.0, 100.0, 6.666666666666667, 100.0, 0.0, 100.0, 100.0, 100.0, 0.0, 100.0, 0.0, 100.0, 6.666666666666667, 100.0, 0.0, 100.0, 100.0, 100.0, 0.0, 100.0, 0.0, 100.0, 6.666666666666667, 100.0, 0.0, 100.0, 100.0, 100.0, 0.0, 100.0, 0.0, 100.0]
DeepNSGA-II Datapoints [0.0, 88.0, 0.0, 0.0, 64.0, 92.0, 0.0, 88.0, 0.0, 72.0, 8.0, 88.0, 0.0, 0.0, 76.0, 72.0, 0.0, 76.0, 0.0, 72.0, 8.0, 80.0, 0.0, 0.0, 68.0, 76.0, 0.0, 88.0, 0.0, 68.0, 60.0, 60.0, 0.0, 0.0, 76.0, 80.0, 0.0, 88.0, 0.0, 8.0]
NSGA-II Datapoints [0.0, 100.0, 0.0, 0.0, 0.0, 100.0, 0.0, 100.0, 0.0, 100.0, 0.0, 100.0, 0.0, 0.0, 0.0, 100.0, 0.0, 100.0, 0.0, 100.0, 0.0, 100.0, 0.0, 0.0, 0.0, 100.0, 0.0, 100.0, 0.0, 100.0, 0.0, 100.0, 0.0, 0.0, 0.0, 100.0, 0.0, 100.0, 0.0, 100.0]
PaiR Avg. 60.66666666666667 ## DeepNSGA-II Avg. 38.9 ## NSGA-II Avg. 40.0
PaiR STD. 48.8220210928403 ## DeepNSGA-II STD. 38.84472706189117 ## NSGA-II STD. 49.613893835683385
********************************************************* 
hour: 26
significance (U-test):PaiR / DeepNSGA-II 0.0006331251873865398
significance (U-test):PaiR / NSGA-II 0.02412128239853995
VDA: PaiR / DeepNSGA-II 0.7137499999999999
VDA: PaiR / NSGA-II 0.6300000000000001
PaiR Datapoints [13.333333333333334, 100.0, 0.0, 100.0, 100.0, 100.0, 0.0, 100.0, 0.0, 100.0, 13.333333333333334, 100.0, 0.0, 100.0, 100.0, 100.0, 0.0, 100.0, 0.0, 100.0, 13.333333333333334, 100.0, 0.0, 100.0, 100.0, 100.0, 0.0, 100.0, 0.0, 100.0, 13.333333333333334, 100.0, 0.0, 100.0, 100.0, 100.0, 0.0, 100.0, 0.0, 100.0]
DeepNSGA-II Datapoints [0.0, 88.0, 0.0, 0.0, 64.0, 92.0, 0.0, 88.0, 0.0, 72.0, 8.0, 88.0, 0.0, 0.0, 80.0, 72.0, 0.0, 76.0, 0.0, 72.0, 8.0, 80.0, 0.0, 0.0, 68.0, 76.0, 0.0, 88.0, 0.0, 76.0, 60.0, 60.0, 0.0, 0.0, 76.0, 80.0, 0.0, 88.0, 0.0, 8.0]
NSGA-II Datapoints [0.0, 100.0, 0.0, 0.0, 0.0, 100.0, 0.0, 100.0, 0.0, 100.0, 0.0, 100.0, 0.0, 0.0, 0.0, 100.0, 0.0, 100.0, 0.0, 100.0, 0.0, 100.0, 0.0, 0.0, 0.0, 100.0, 0.0, 100.0, 0.0, 100.0, 0.0, 100.0, 0.0, 0.0, 0.0, 100.0, 0.0, 100.0, 0.0, 100.0]
PaiR Avg. 61.33333333333333 ## DeepNSGA-II Avg. 39.2 ## NSGA-II Avg. 40.0
PaiR STD. 48.1024547590469 ## DeepNSGA-II STD. 39.12058937210063 ## NSGA-II STD. 49.613893835683385
********************************************************* 
hour: 27
significance (U-test):PaiR / DeepNSGA-II 0.0006335281101540131
significance (U-test):PaiR / NSGA-II 0.02412128239853995
VDA: PaiR / DeepNSGA-II 0.7137499999999999
VDA: PaiR / NSGA-II 0.6300000000000001
PaiR Datapoints [26.666666666666668, 100.0, 0.0, 100.0, 100.0, 100.0, 0.0, 100.0, 0.0, 100.0, 26.666666666666668, 100.0, 0.0, 100.0, 100.0, 100.0, 0.0, 100.0, 0.0, 100.0, 26.666666666666668, 100.0, 0.0, 100.0, 100.0, 100.0, 0.0, 100.0, 0.0, 100.0, 26.666666666666668, 100.0, 0.0, 100.0, 100.0, 100.0, 0.0, 100.0, 0.0, 100.0]
DeepNSGA-II Datapoints [0.0, 88.0, 0.0, 0.0, 64.0, 92.0, 0.0, 88.0, 0.0, 72.0, 8.0, 88.0, 0.0, 0.0, 80.0, 72.0, 0.0, 80.0, 0.0, 72.0, 8.0, 84.0, 0.0, 0.0, 68.0, 76.0, 0.0, 88.0, 0.0, 76.0, 60.0, 64.0, 0.0, 0.0, 76.0, 84.0, 0.0, 88.0, 0.0, 8.0]
NSGA-II Datapoints [0.0, 100.0, 0.0, 0.0, 0.0, 100.0, 0.0, 100.0, 0.0, 100.0, 0.0, 100.0, 0.0, 0.0, 0.0, 100.0, 0.0, 100.0, 0.0, 100.0, 0.0, 100.0, 0.0, 0.0, 0.0, 100.0, 0.0, 100.0, 0.0, 100.0, 0.0, 100.0, 0.0, 0.0, 0.0, 100.0, 0.0, 100.0, 0.0, 100.0]
PaiR Avg. 62.66666666666667 ## DeepNSGA-II Avg. 39.6 ## NSGA-II Avg. 40.0
PaiR STD. 46.8932229535821 ## DeepNSGA-II STD. 39.502547791899225 ## NSGA-II STD. 49.613893835683385
********************************************************* 
hour: 28
significance (U-test):PaiR / DeepNSGA-II 0.0007327846454177863
significance (U-test):PaiR / NSGA-II 0.02412128239853995
VDA: PaiR / DeepNSGA-II 0.71125
VDA: PaiR / NSGA-II 0.6300000000000001
PaiR Datapoints [60.0, 100.0, 0.0, 100.0, 100.0, 100.0, 0.0, 100.0, 0.0, 100.0, 60.0, 100.0, 0.0, 100.0, 100.0, 100.0, 0.0, 100.0, 0.0, 100.0, 60.0, 100.0, 0.0, 100.0, 100.0, 100.0, 0.0, 100.0, 0.0, 100.0, 60.0, 100.0, 0.0, 100.0, 100.0, 100.0, 0.0, 100.0, 0.0, 100.0]
DeepNSGA-II Datapoints [0.0, 88.0, 0.0, 0.0, 64.0, 92.0, 0.0, 88.0, 0.0, 72.0, 8.0, 88.0, 0.0, 0.0, 80.0, 76.0, 0.0, 80.0, 0.0, 72.0, 8.0, 84.0, 0.0, 0.0, 68.0, 76.0, 0.0, 88.0, 0.0, 76.0, 64.0, 64.0, 0.0, 0.0, 76.0, 84.0, 0.0, 88.0, 0.0, 64.0]
NSGA-II Datapoints [0.0, 100.0, 0.0, 0.0, 0.0, 100.0, 0.0, 100.0, 0.0, 100.0, 0.0, 100.0, 0.0, 0.0, 0.0, 100.0, 0.0, 100.0, 0.0, 100.0, 0.0, 100.0, 0.0, 0.0, 0.0, 100.0, 0.0, 100.0, 0.0, 100.0, 0.0, 100.0, 0.0, 0.0, 0.0, 100.0, 0.0, 100.0, 0.0, 100.0]
PaiR Avg. 66.0 ## DeepNSGA-II Avg. 41.2 ## NSGA-II Avg. 40.0
PaiR STD. 45.336349824226204 ## DeepNSGA-II STD. 39.485927386075936 ## NSGA-II STD. 49.613893835683385
********************************************************* 
hour: 29
significance (U-test):PaiR / DeepNSGA-II 2.099821903675619e-05
significance (U-test):PaiR / NSGA-II 0.007488356540167818
VDA: PaiR / DeepNSGA-II 0.7637499999999999
VDA: PaiR / NSGA-II 0.65
PaiR Datapoints [100.0, 100.0, 0.0, 100.0, 100.0, 100.0, 0.0, 100.0, 0.0, 100.0, 100.0, 100.0, 0.0, 100.0, 100.0, 100.0, 0.0, 100.0, 0.0, 100.0, 100.0, 100.0, 0.0, 100.0, 100.0, 100.0, 0.0, 100.0, 0.0, 100.0, 100.0, 100.0, 0.0, 100.0, 100.0, 100.0, 0.0, 100.0, 0.0, 100.0]
DeepNSGA-II Datapoints [0.0, 88.0, 0.0, 0.0, 68.0, 92.0, 0.0, 88.0, 0.0, 72.0, 8.0, 88.0, 0.0, 0.0, 80.0, 76.0, 0.0, 80.0, 0.0, 72.0, 8.0, 84.0, 0.0, 0.0, 68.0, 84.0, 0.0, 88.0, 0.0, 76.0, 64.0, 64.0, 0.0, 0.0, 84.0, 88.0, 0.0, 88.0, 0.0, 64.0]
NSGA-II Datapoints [0.0, 100.0, 0.0, 0.0, 0.0, 100.0, 0.0, 100.0, 0.0, 100.0, 0.0, 100.0, 0.0, 0.0, 0.0, 100.0, 0.0, 100.0, 0.0, 100.0, 0.0, 100.0, 0.0, 0.0, 0.0, 100.0, 0.0, 100.0, 0.0, 100.0, 0.0, 100.0, 0.0, 0.0, 0.0, 100.0, 0.0, 100.0, 0.0, 100.0]
PaiR Avg. 70.0 ## DeepNSGA-II Avg. 41.8 ## NSGA-II Avg. 40.0
PaiR STD. 46.40954808922571 ## DeepNSGA-II STD. 40.060979160300754 ## NSGA-II STD. 49.613893835683385
********************************************************* 
hour: 30
significance (U-test):PaiR / DeepNSGA-II 2.1003365855900925e-05
significance (U-test):PaiR / NSGA-II 0.007488356540167818
VDA: PaiR / DeepNSGA-II 0.7637499999999999
VDA: PaiR / NSGA-II 0.65
PaiR Datapoints [100.0, 100.0, 0.0, 100.0, 100.0, 100.0, 0.0, 100.0, 0.0, 100.0, 100.0, 100.0, 0.0, 100.0, 100.0, 100.0, 0.0, 100.0, 0.0, 100.0, 100.0, 100.0, 0.0, 100.0, 100.0, 100.0, 0.0, 100.0, 0.0, 100.0, 100.0, 100.0, 0.0, 100.0, 100.0, 100.0, 0.0, 100.0, 0.0, 100.0]
DeepNSGA-II Datapoints [0.0, 88.0, 0.0, 0.0, 68.0, 92.0, 0.0, 88.0, 0.0, 72.0, 8.0, 88.0, 0.0, 0.0, 80.0, 76.0, 0.0, 80.0, 0.0, 72.0, 8.0, 88.0, 0.0, 0.0, 68.0, 84.0, 0.0, 92.0, 0.0, 76.0, 64.0, 64.0, 0.0, 0.0, 84.0, 88.0, 0.0, 88.0, 0.0, 68.0]
NSGA-II Datapoints [0.0, 100.0, 0.0, 0.0, 0.0, 100.0, 0.0, 100.0, 0.0, 100.0, 0.0, 100.0, 0.0, 0.0, 0.0, 100.0, 0.0, 100.0, 0.0, 100.0, 0.0, 100.0, 0.0, 0.0, 0.0, 100.0, 0.0, 100.0, 0.0, 100.0, 0.0, 100.0, 0.0, 0.0, 0.0, 100.0, 0.0, 100.0, 0.0, 100.0]
PaiR Avg. 70.0 ## DeepNSGA-II Avg. 42.1 ## NSGA-II Avg. 40.0
PaiR STD. 46.40954808922571 ## DeepNSGA-II STD. 40.35725080215069 ## NSGA-II STD. 49.613893835683385
********************************************************* 
hour: 31
significance (U-test):PaiR / DeepNSGA-II 2.099821903675619e-05
significance (U-test):PaiR / NSGA-II 0.007488356540167818
VDA: PaiR / DeepNSGA-II 0.7637499999999999
VDA: PaiR / NSGA-II 0.65
PaiR Datapoints [100.0, 100.0, 0.0, 100.0, 100.0, 100.0, 0.0, 100.0, 0.0, 100.0, 100.0, 100.0, 0.0, 100.0, 100.0, 100.0, 0.0, 100.0, 0.0, 100.0, 100.0, 100.0, 0.0, 100.0, 100.0, 100.0, 0.0, 100.0, 0.0, 100.0, 100.0, 100.0, 0.0, 100.0, 100.0, 100.0, 0.0, 100.0, 0.0, 100.0]
DeepNSGA-II Datapoints [0.0, 88.0, 0.0, 0.0, 68.0, 92.0, 0.0, 88.0, 0.0, 72.0, 8.0, 88.0, 0.0, 0.0, 80.0, 76.0, 0.0, 80.0, 0.0, 76.0, 8.0, 88.0, 0.0, 0.0, 68.0, 84.0, 0.0, 92.0, 0.0, 76.0, 64.0, 64.0, 0.0, 0.0, 84.0, 88.0, 0.0, 88.0, 0.0, 68.0]
NSGA-II Datapoints [0.0, 100.0, 0.0, 0.0, 0.0, 100.0, 0.0, 100.0, 0.0, 100.0, 0.0, 100.0, 0.0, 0.0, 0.0, 100.0, 0.0, 100.0, 0.0, 100.0, 0.0, 100.0, 0.0, 0.0, 0.0, 100.0, 0.0, 100.0, 0.0, 100.0, 0.0, 100.0, 0.0, 0.0, 0.0, 100.0, 0.0, 100.0, 0.0, 100.0]
PaiR Avg. 70.0 ## DeepNSGA-II Avg. 42.2 ## NSGA-II Avg. 40.0
PaiR STD. 46.40954808922571 ## DeepNSGA-II STD. 40.43811352722856 ## NSGA-II STD. 49.613893835683385
********************************************************* 
hour: 32
significance (U-test):PaiR / DeepNSGA-II 2.0951942725402553e-05
significance (U-test):PaiR / NSGA-II 0.007488356540167818
VDA: PaiR / DeepNSGA-II 0.7637499999999999
VDA: PaiR / NSGA-II 0.65
PaiR Datapoints [100.0, 100.0, 0.0, 100.0, 100.0, 100.0, 0.0, 100.0, 0.0, 100.0, 100.0, 100.0, 0.0, 100.0, 100.0, 100.0, 0.0, 100.0, 0.0, 100.0, 100.0, 100.0, 0.0, 100.0, 100.0, 100.0, 0.0, 100.0, 0.0, 100.0, 100.0, 100.0, 0.0, 100.0, 100.0, 100.0, 0.0, 100.0, 0.0, 100.0]
DeepNSGA-II Datapoints [0.0, 88.0, 0.0, 0.0, 68.0, 92.0, 0.0, 88.0, 0.0, 72.0, 8.0, 88.0, 0.0, 0.0, 80.0, 76.0, 0.0, 80.0, 0.0, 76.0, 8.0, 88.0, 0.0, 0.0, 68.0, 88.0, 0.0, 92.0, 0.0, 76.0, 64.0, 64.0, 0.0, 0.0, 84.0, 88.0, 0.0, 88.0, 0.0, 72.0]
NSGA-II Datapoints [0.0, 100.0, 0.0, 0.0, 0.0, 100.0, 0.0, 100.0, 0.0, 100.0, 0.0, 100.0, 0.0, 0.0, 0.0, 100.0, 0.0, 100.0, 0.0, 100.0, 0.0, 100.0, 0.0, 0.0, 0.0, 100.0, 0.0, 100.0, 0.0, 100.0, 0.0, 100.0, 0.0, 0.0, 0.0, 100.0, 0.0, 100.0, 0.0, 100.0]
PaiR Avg. 70.0 ## DeepNSGA-II Avg. 42.4 ## NSGA-II Avg. 40.0
PaiR STD. 46.40954808922571 ## DeepNSGA-II STD. 40.6188032749265 ## NSGA-II STD. 49.613893835683385
********************************************************* 
hour: 33
significance (U-test):PaiR / DeepNSGA-II 2.0933968273127914e-05
significance (U-test):PaiR / NSGA-II 0.007488356540167818
VDA: PaiR / DeepNSGA-II 0.7637499999999999
VDA: PaiR / NSGA-II 0.65
PaiR Datapoints [100.0, 100.0, 0.0, 100.0, 100.0, 100.0, 0.0, 100.0, 0.0, 100.0, 100.0, 100.0, 0.0, 100.0, 100.0, 100.0, 0.0, 100.0, 0.0, 100.0, 100.0, 100.0, 0.0, 100.0, 100.0, 100.0, 0.0, 100.0, 0.0, 100.0, 100.0, 100.0, 0.0, 100.0, 100.0, 100.0, 0.0, 100.0, 0.0, 100.0]
DeepNSGA-II Datapoints [0.0, 88.0, 0.0, 0.0, 68.0, 92.0, 0.0, 88.0, 0.0, 72.0, 8.0, 88.0, 0.0, 0.0, 80.0, 80.0, 0.0, 80.0, 0.0, 76.0, 8.0, 88.0, 0.0, 0.0, 72.0, 88.0, 0.0, 92.0, 0.0, 80.0, 64.0, 64.0, 0.0, 0.0, 84.0, 88.0, 0.0, 88.0, 0.0, 72.0]
NSGA-II Datapoints [0.0, 100.0, 0.0, 0.0, 0.0, 100.0, 0.0, 100.0, 0.0, 100.0, 0.0, 100.0, 0.0, 0.0, 0.0, 100.0, 0.0, 100.0, 0.0, 100.0, 0.0, 100.0, 0.0, 0.0, 0.0, 100.0, 0.0, 100.0, 0.0, 100.0, 0.0, 100.0, 0.0, 0.0, 0.0, 100.0, 0.0, 100.0, 0.0, 100.0]
PaiR Avg. 70.0 ## DeepNSGA-II Avg. 42.7 ## NSGA-II Avg. 40.0
PaiR STD. 46.40954808922571 ## DeepNSGA-II STD. 40.86638641306004 ## NSGA-II STD. 49.613893835683385
********************************************************* 
hour: 34
significance (U-test):PaiR / DeepNSGA-II 2.0987928403497225e-05
significance (U-test):PaiR / NSGA-II 0.007488356540167818
VDA: PaiR / DeepNSGA-II 0.7637499999999999
VDA: PaiR / NSGA-II 0.65
PaiR Datapoints [100.0, 100.0, 0.0, 100.0, 100.0, 100.0, 0.0, 100.0, 0.0, 100.0, 100.0, 100.0, 0.0, 100.0, 100.0, 100.0, 0.0, 100.0, 0.0, 100.0, 100.0, 100.0, 0.0, 100.0, 100.0, 100.0, 0.0, 100.0, 0.0, 100.0, 100.0, 100.0, 0.0, 100.0, 100.0, 100.0, 0.0, 100.0, 0.0, 100.0]
DeepNSGA-II Datapoints [0.0, 88.0, 0.0, 0.0, 68.0, 92.0, 0.0, 88.0, 0.0, 72.0, 64.0, 88.0, 0.0, 0.0, 80.0, 80.0, 0.0, 84.0, 0.0, 76.0, 8.0, 88.0, 0.0, 0.0, 72.0, 92.0, 0.0, 92.0, 0.0, 80.0, 64.0, 64.0, 0.0, 0.0, 84.0, 88.0, 0.0, 88.0, 0.0, 72.0]
NSGA-II Datapoints [0.0, 100.0, 0.0, 0.0, 0.0, 100.0, 0.0, 100.0, 0.0, 100.0, 0.0, 100.0, 0.0, 0.0, 0.0, 100.0, 0.0, 100.0, 0.0, 100.0, 0.0, 100.0, 0.0, 0.0, 0.0, 100.0, 0.0, 100.0, 0.0, 100.0, 0.0, 100.0, 0.0, 0.0, 0.0, 100.0, 0.0, 100.0, 0.0, 100.0]
PaiR Avg. 70.0 ## DeepNSGA-II Avg. 44.3 ## NSGA-II Avg. 40.0
PaiR STD. 46.40954808922571 ## DeepNSGA-II STD. 40.81616070086669 ## NSGA-II STD. 49.613893835683385
********************************************************* 
hour: 35
significance (U-test):PaiR / DeepNSGA-II 2.0921136878963132e-05
significance (U-test):PaiR / NSGA-II 0.007488356540167818
VDA: PaiR / DeepNSGA-II 0.7637499999999999
VDA: PaiR / NSGA-II 0.65
PaiR Datapoints [100.0, 100.0, 0.0, 100.0, 100.0, 100.0, 0.0, 100.0, 0.0, 100.0, 100.0, 100.0, 0.0, 100.0, 100.0, 100.0, 0.0, 100.0, 0.0, 100.0, 100.0, 100.0, 0.0, 100.0, 100.0, 100.0, 0.0, 100.0, 0.0, 100.0, 100.0, 100.0, 0.0, 100.0, 100.0, 100.0, 0.0, 100.0, 0.0, 100.0]
DeepNSGA-II Datapoints [0.0, 88.0, 0.0, 0.0, 72.0, 92.0, 0.0, 88.0, 0.0, 72.0, 64.0, 88.0, 0.0, 0.0, 80.0, 80.0, 0.0, 84.0, 0.0, 76.0, 8.0, 88.0, 0.0, 0.0, 72.0, 92.0, 0.0, 92.0, 0.0, 80.0, 64.0, 64.0, 0.0, 0.0, 88.0, 88.0, 0.0, 88.0, 0.0, 72.0]
NSGA-II Datapoints [0.0, 100.0, 0.0, 0.0, 0.0, 100.0, 0.0, 100.0, 0.0, 100.0, 0.0, 100.0, 0.0, 0.0, 0.0, 100.0, 0.0, 100.0, 0.0, 100.0, 0.0, 100.0, 0.0, 0.0, 0.0, 100.0, 0.0, 100.0, 0.0, 100.0, 0.0, 100.0, 0.0, 0.0, 0.0, 100.0, 0.0, 100.0, 0.0, 100.0]
PaiR Avg. 70.0 ## DeepNSGA-II Avg. 44.5 ## NSGA-II Avg. 40.0
PaiR STD. 46.40954808922571 ## DeepNSGA-II STD. 40.98467505963162 ## NSGA-II STD. 49.613893835683385
********************************************************* 
hour: 36
significance (U-test):PaiR / DeepNSGA-II 2.0985356371129756e-05
significance (U-test):PaiR / NSGA-II 0.007488356540167818
VDA: PaiR / DeepNSGA-II 0.7637499999999999
VDA: PaiR / NSGA-II 0.65
PaiR Datapoints [100.0, 100.0, 0.0, 100.0, 100.0, 100.0, 0.0, 100.0, 0.0, 100.0, 100.0, 100.0, 0.0, 100.0, 100.0, 100.0, 0.0, 100.0, 0.0, 100.0, 100.0, 100.0, 0.0, 100.0, 100.0, 100.0, 0.0, 100.0, 0.0, 100.0, 100.0, 100.0, 0.0, 100.0, 100.0, 100.0, 0.0, 100.0, 0.0, 100.0]
DeepNSGA-II Datapoints [0.0, 88.0, 0.0, 0.0, 72.0, 92.0, 0.0, 88.0, 0.0, 76.0, 64.0, 88.0, 0.0, 0.0, 80.0, 92.0, 0.0, 84.0, 0.0, 76.0, 8.0, 88.0, 0.0, 0.0, 72.0, 92.0, 0.0, 92.0, 0.0, 80.0, 64.0, 68.0, 0.0, 0.0, 88.0, 88.0, 0.0, 68.0, 0.0, 76.0]
NSGA-II Datapoints [0.0, 100.0, 0.0, 0.0, 0.0, 100.0, 0.0, 100.0, 0.0, 100.0, 0.0, 100.0, 0.0, 0.0, 0.0, 100.0, 0.0, 100.0, 0.0, 100.0, 0.0, 100.0, 0.0, 0.0, 0.0, 100.0, 0.0, 100.0, 0.0, 100.0, 0.0, 100.0, 0.0, 0.0, 0.0, 100.0, 0.0, 100.0, 0.0, 100.0]
PaiR Avg. 70.0 ## DeepNSGA-II Avg. 44.6 ## NSGA-II Avg. 40.0
PaiR STD. 46.40954808922571 ## DeepNSGA-II STD. 41.07828673430333 ## NSGA-II STD. 49.613893835683385
********************************************************* 
hour: 37
significance (U-test):PaiR / DeepNSGA-II 2.8799576494393516e-05
significance (U-test):PaiR / NSGA-II 0.007488356540167818
VDA: PaiR / DeepNSGA-II 0.76
VDA: PaiR / NSGA-II 0.65
PaiR Datapoints [100.0, 100.0, 0.0, 100.0, 100.0, 100.0, 0.0, 100.0, 0.0, 100.0, 100.0, 100.0, 0.0, 100.0, 100.0, 100.0, 0.0, 100.0, 0.0, 100.0, 100.0, 100.0, 0.0, 100.0, 100.0, 100.0, 0.0, 100.0, 0.0, 100.0, 100.0, 100.0, 0.0, 100.0, 100.0, 100.0, 0.0, 100.0, 0.0, 100.0]
DeepNSGA-II Datapoints [8.0, 88.0, 0.0, 0.0, 72.0, 92.0, 0.0, 68.0, 0.0, 76.0, 64.0, 88.0, 0.0, 0.0, 80.0, 92.0, 0.0, 88.0, 0.0, 76.0, 8.0, 88.0, 0.0, 0.0, 72.0, 92.0, 0.0, 92.0, 0.0, 80.0, 64.0, 68.0, 0.0, 0.0, 88.0, 88.0, 0.0, 68.0, 0.0, 76.0]
NSGA-II Datapoints [0.0, 100.0, 0.0, 0.0, 0.0, 100.0, 0.0, 100.0, 0.0, 100.0, 0.0, 100.0, 0.0, 0.0, 0.0, 100.0, 0.0, 100.0, 0.0, 100.0, 0.0, 100.0, 0.0, 0.0, 0.0, 100.0, 0.0, 100.0, 0.0, 100.0, 0.0, 100.0, 0.0, 0.0, 0.0, 100.0, 0.0, 100.0, 0.0, 100.0]
PaiR Avg. 70.0 ## DeepNSGA-II Avg. 44.4 ## NSGA-II Avg. 40.0
PaiR STD. 46.40954808922571 ## DeepNSGA-II STD. 40.55815704102077 ## NSGA-II STD. 49.613893835683385
********************************************************* 
hour: 38
significance (U-test):PaiR / DeepNSGA-II 2.8796176960966104e-05
significance (U-test):PaiR / NSGA-II 0.007488356540167818
VDA: PaiR / DeepNSGA-II 0.76
VDA: PaiR / NSGA-II 0.65
PaiR Datapoints [100.0, 100.0, 0.0, 100.0, 100.0, 100.0, 0.0, 100.0, 0.0, 100.0, 100.0, 100.0, 0.0, 100.0, 100.0, 100.0, 0.0, 100.0, 0.0, 100.0, 100.0, 100.0, 0.0, 100.0, 100.0, 100.0, 0.0, 100.0, 0.0, 100.0, 100.0, 100.0, 0.0, 100.0, 100.0, 100.0, 0.0, 100.0, 0.0, 100.0]
DeepNSGA-II Datapoints [8.0, 88.0, 0.0, 0.0, 72.0, 92.0, 0.0, 68.0, 0.0, 76.0, 68.0, 88.0, 0.0, 0.0, 84.0, 92.0, 0.0, 88.0, 0.0, 76.0, 8.0, 88.0, 0.0, 0.0, 72.0, 92.0, 0.0, 92.0, 0.0, 80.0, 64.0, 72.0, 0.0, 0.0, 88.0, 88.0, 0.0, 68.0, 0.0, 76.0]
NSGA-II Datapoints [0.0, 100.0, 0.0, 0.0, 0.0, 100.0, 0.0, 100.0, 0.0, 100.0, 0.0, 100.0, 0.0, 0.0, 0.0, 100.0, 0.0, 100.0, 0.0, 100.0, 0.0, 100.0, 0.0, 0.0, 0.0, 100.0, 0.0, 100.0, 0.0, 100.0, 0.0, 100.0, 0.0, 0.0, 0.0, 100.0, 0.0, 100.0, 0.0, 100.0]
PaiR Avg. 70.0 ## DeepNSGA-II Avg. 44.7 ## NSGA-II Avg. 40.0
PaiR STD. 46.40954808922571 ## DeepNSGA-II STD. 40.7709046584285 ## NSGA-II STD. 49.613893835683385
********************************************************* 
hour: 39
significance (U-test):PaiR / DeepNSGA-II 2.8809776991238624e-05
significance (U-test):PaiR / NSGA-II 0.007488356540167818
VDA: PaiR / DeepNSGA-II 0.76
VDA: PaiR / NSGA-II 0.65
PaiR Datapoints [100.0, 100.0, 0.0, 100.0, 100.0, 100.0, 0.0, 100.0, 0.0, 100.0, 100.0, 100.0, 0.0, 100.0, 100.0, 100.0, 0.0, 100.0, 0.0, 100.0, 100.0, 100.0, 0.0, 100.0, 100.0, 100.0, 0.0, 100.0, 0.0, 100.0, 100.0, 100.0, 0.0, 100.0, 100.0, 100.0, 0.0, 100.0, 0.0, 100.0]
DeepNSGA-II Datapoints [8.0, 88.0, 0.0, 0.0, 72.0, 92.0, 0.0, 76.0, 0.0, 80.0, 68.0, 88.0, 0.0, 0.0, 84.0, 92.0, 0.0, 88.0, 0.0, 76.0, 8.0, 88.0, 0.0, 0.0, 76.0, 92.0, 0.0, 92.0, 0.0, 80.0, 64.0, 72.0, 0.0, 0.0, 92.0, 88.0, 0.0, 68.0, 0.0, 76.0]
NSGA-II Datapoints [0.0, 100.0, 0.0, 0.0, 0.0, 100.0, 0.0, 100.0, 0.0, 100.0, 0.0, 100.0, 0.0, 0.0, 0.0, 100.0, 0.0, 100.0, 0.0, 100.0, 0.0, 100.0, 0.0, 0.0, 0.0, 100.0, 0.0, 100.0, 0.0, 100.0, 0.0, 100.0, 0.0, 0.0, 0.0, 100.0, 0.0, 100.0, 0.0, 100.0]
PaiR Avg. 70.0 ## DeepNSGA-II Avg. 45.2 ## NSGA-II Avg. 40.0
PaiR STD. 46.40954808922571 ## DeepNSGA-II STD. 41.17455026765429 ## NSGA-II STD. 49.613893835683385
********************************************************* 
hour: 40
significance (U-test):PaiR / DeepNSGA-II 2.8809776991238624e-05
significance (U-test):PaiR / NSGA-II 0.007488356540167818
VDA: PaiR / DeepNSGA-II 0.76
VDA: PaiR / NSGA-II 0.65
PaiR Datapoints [100.0, 100.0, 0.0, 100.0, 100.0, 100.0, 0.0, 100.0, 0.0, 100.0, 100.0, 100.0, 0.0, 100.0, 100.0, 100.0, 0.0, 100.0, 0.0, 100.0, 100.0, 100.0, 0.0, 100.0, 100.0, 100.0, 0.0, 100.0, 0.0, 100.0, 100.0, 100.0, 0.0, 100.0, 100.0, 100.0, 0.0, 100.0, 0.0, 100.0]
DeepNSGA-II Datapoints [8.0, 88.0, 0.0, 0.0, 72.0, 92.0, 0.0, 76.0, 0.0, 80.0, 68.0, 88.0, 0.0, 0.0, 84.0, 92.0, 0.0, 88.0, 0.0, 76.0, 8.0, 88.0, 0.0, 0.0, 76.0, 92.0, 0.0, 92.0, 0.0, 80.0, 64.0, 72.0, 0.0, 0.0, 92.0, 88.0, 0.0, 68.0, 0.0, 76.0]
NSGA-II Datapoints [0.0, 100.0, 0.0, 0.0, 0.0, 100.0, 0.0, 100.0, 0.0, 100.0, 0.0, 100.0, 0.0, 0.0, 0.0, 100.0, 0.0, 100.0, 0.0, 100.0, 0.0, 100.0, 0.0, 0.0, 0.0, 100.0, 0.0, 100.0, 0.0, 100.0, 0.0, 100.0, 0.0, 0.0, 0.0, 100.0, 0.0, 100.0, 0.0, 100.0]
PaiR Avg. 70.0 ## DeepNSGA-II Avg. 45.2 ## NSGA-II Avg. 40.0
PaiR STD. 46.40954808922571 ## DeepNSGA-II STD. 41.17455026765429 ## NSGA-II STD. 49.613893835683385
********************************************************* 
